/*--------------------------------*- C++ -*----------------------------------*\
  =========                 |
  \\      /  F ield         | OpenFOAM: The Open Source CFD Toolbox
   \\    /   O peration     | Website:  https://openfoam.org
    \\  /    A nd           | Version:  6
     \\/     M anipulation  |
\*---------------------------------------------------------------------------*/
FoamFile
{
    version     2.0;
    format      ascii;
    class       volScalarField;
    location    "20.5";
    object      dsmcRhoNMean;
}
// * * * * * * * * * * * * * * * * * * * * * * * * * * * * * * * * * * * * * //

dimensions      [0 -3 0 0 0 0 0];

internalField   nonuniform List<scalar> 
3600
(
296.605083
296.5746341
296.8202634
297.0283024
297.3211707
297.5644194
297.912
298.0745073
298.2628976
298.6457952
299.002234
299.2596098
299.6480585
300.0121853
300.3370634
300.7996683
301.0093756
301.5095511
301.9375707
302.2718146
302.708361
303.2348194
303.5928781
304.1734244
304.6264292
305.0297171
305.5382634
306.0555805
306.4726439
307.0579805
297.5851122
297.3140878
297.3442927
297.4435512
297.6344098
297.8843999
298.1594146
298.3329951
298.6197367
298.8476585
299.2446341
299.4947122
299.8188584
300.1677756
300.644839
300.7949853
301.2066927
301.6257951
302.0285073
302.5098537
302.8896293
303.3027122
303.7137561
304.2258537
304.6654536
305.0516878
305.5645366
306.0844488
306.5664293
307.0994829
297.9592878
297.8542537
297.9038145
297.9536585
298.1336098
298.1861951
298.3515806
298.6336098
298.9110341
299.0432
299.468
299.7122927
300.0051415
300.3275122
300.7044879
301.0838829
301.5040195
301.8963122
302.1774049
302.4148976
302.9850146
303.3583708
303.8353756
304.1787806
304.5958244
305.323678
305.6334049
306.1130049
306.5249756
307.1318829
298.377961
298.3519706
298.197561
298.2541365
298.4155024
298.5391805
298.6896196
298.8675707
299.085239
299.3353854
299.6029366
299.9542439
300.235034
300.5429366
300.8688488
301.1657951
301.6372585
301.8152488
302.2909073
302.5730927
303.0797755
303.5833659
303.9039317
304.3197756
304.6613854
305.2697268
305.6461854
306.2489951
306.5648487
307.1220098
298.7002048
298.5626049
298.4801366
298.6205659
298.6479707
298.7399511
298.9840585
299.0063317
299.3536683
299.572839
299.7795805
300.1321073
300.3351903
300.7135805
300.9624682
301.2750537
301.6127902
302.0037464
302.4111024
302.7490145
303.177678
303.6453951
303.9508487
304.3996
304.8611805
305.3590537
305.8226049
306.2124585
306.5795317
307.2164878
298.951922
298.8875512
298.8262634
298.8398634
298.8845366
298.9239415
299.2277073
299.3000488
299.4682439
299.8284195
299.9934145
300.1874244
300.5963317
300.7380585
300.9622049
301.5102049
301.7568
302.0066146
302.3973854
302.9095902
303.2063121
303.7544682
304.0615317
304.4435415
304.9391707
305.4674341
305.7926634
306.2733462
306.6910927
307.1912195
299.1660098
299.0203123
298.9852976
298.9908
299.0434634
299.1993366
299.3892488
299.5384585
299.7267805
299.9579805
300.0548195
300.4094927
300.6391219
300.9908
301.2792683
301.501883
301.867444
302.1612195
302.6150243
302.9492976
303.3812585
303.6993073
304.0966146
304.5080976
304.9487513
305.388478
305.9144
306.2932585
306.7351415
307.1018049
299.2657073
299.2024195
299.2120976
299.2123512
299.418361
299.3426342
299.5356781
299.7334146
299.8595414
300.0678342
300.2093073
300.4634439
300.7189951
301.0587023
301.4096683
301.6077366
301.9606732
302.3101463
302.6453659
302.9522634
303.4101073
303.8318439
304.1628976
304.6272976
305.1359512
305.5089463
305.8351121
306.4356292
306.8279415
307.2044976
299.467678
299.3953951
299.434761
299.3714634
299.4382927
299.4473561
299.6024293
299.7078634
299.9990341
300.1090341
300.2791318
300.6083707
300.9065951
301.0810341
301.3902927
301.661561
302.0471902
302.4155416
302.6714146
303.0329171
303.5512195
303.8426243
304.2256487
304.7052488
305.1213854
305.5315902
305.9404487
306.3053951
306.7647414
307.2311122
299.4240001
299.4862244
299.4521072
299.3244196
299.4842536
299.7025171
299.6370244
299.9114244
300.0068
300.2020292
300.514039
300.7316683
300.9176976
301.232478
301.5297854
301.7471024
302.152595
302.4524
302.8526731
303.0799415
303.550205
303.9304878
304.2807122
304.7330341
305.0822829
305.4533659
305.9765951
306.3889659
306.8350537
307.3622243
299.548722
299.5017462
299.5265366
299.5966634
299.6857171
299.7664293
299.7742049
299.9842341
300.0179415
300.1934341
300.4220098
300.8151512
300.9898928
301.2624585
301.5512976
301.8944488
302.162634
302.4914927
302.837122
303.2580976
303.5231024
303.9493073
304.3458634
304.7574732
305.1406829
305.5645072
305.9517268
306.4232196
306.7656194
307.1938537
299.6631708
299.5602829
299.5472976
299.6657659
299.6967512
299.7697755
299.9689366
300.1141073
300.2062829
300.3456878
300.6330634
300.8559902
301.0798635
301.2939415
301.5956488
301.9186146
302.2545659
302.5186049
302.8561756
303.3868194
303.4493659
303.8500098
304.3123512
304.8214732
305.1225659
305.5663707
306.0365951
306.4441171
306.898039
307.3232976
299.7222537
299.625756
299.7118439
299.6371123
299.7443901
299.7880879
299.9257756
300.0882537
300.2554732
300.4217171
300.5549367
300.9240683
301.0846829
301.3594146
301.5965854
301.9889756
302.2493171
302.5451122
302.9444097
303.241239
303.6410439
303.8884878
304.3308196
304.7225267
305.185239
305.6879317
306.0243414
306.3971023
306.8733561
307.3010439
299.6892294
299.6199902
299.6294537
299.7259902
299.7789757
299.831522
299.8834829
299.9898146
300.2032195
300.397961
300.6065561
300.8057366
301.1098244
301.3964683
301.703522
301.9443318
302.174322
302.6309366
302.9684391
303.2888195
303.5565951
304.0335512
304.4542439
304.8363513
305.2036293
305.6642244
306.061122
306.4884098
306.9311317
307.2427512
299.637522
299.6904878
299.5455512
299.7263805
299.6113268
299.8198146
299.8795219
300.0712293
300.2881659
300.4957951
300.6090634
300.9760683
301.1511805
301.4468586
301.6548976
301.931278
302.3277171
302.6293854
303.0072
303.2885073
303.6798244
304.0114049
304.5389366
304.8815708
305.1882244
305.6540294
306.1257463
306.5900683
306.7588488
307.2681073
299.6132
299.5285659
299.5307999
299.6713366
299.772761
299.8291024
299.9126049
300.033756
300.1908683
300.424839
300.6386927
300.9023024
301.1064585
301.3778049
301.6170049
301.9397561
302.268478
302.5582244
302.9853074
303.3998633
303.784478
303.9235317
304.3301366
304.8053854
305.2324292
305.6572683
306.0960683
306.5973951
307.0395024
307.4211123
299.5481269
299.4663122
299.5664878
299.4408585
299.5820878
299.7541171
299.8842439
300.0572585
300.1847317
300.3900293
300.6651902
300.8605757
301.1335317
301.3870439
301.6085463
301.9182732
302.3400684
302.5018829
302.9174733
303.3015024
303.7239902
304.0407611
304.5453464
304.8248
305.3389073
305.6806341
306.1246341
306.5478049
306.9408488
307.3458245
299.4363512
299.5260878
299.5711317
299.4061659
299.5697756
299.6965951
299.8099415
300.0098341
300.1481854
300.3392878
300.6632293
300.7497658
301.1305951
301.3466439
301.5961659
301.8619804
302.3175609
302.5310927
302.8747609
303.3793366
303.7132878
304.0683806
304.3772
304.7999024
305.3246049
305.6388098
306.1650439
306.5247415
306.9109659
307.3487317
299.3914439
299.4019317
299.4481171
299.379317
299.494878
299.670322
299.6657463
299.8593367
300.1618732
300.3496488
300.6782049
300.851678
301.0363902
301.313678
301.6322732
301.9415415
302.1219707
302.5236878
302.9241854
303.2121659
303.6070146
304.0234439
304.4434733
304.8552488
305.246917
305.7281172
306.104722
306.5555901
307.015678
307.5230537
299.2267024
299.2493854
299.3352
299.2916099
299.4011902
299.5451025
299.6429073
299.8392585
300.0733366
300.2640683
300.4617561
300.687278
300.9702439
301.166722
301.6172293
301.7544976
302.0708976
302.5158439
302.9012976
303.2806927
303.6683611
304.0314244
304.488878
304.9011609
305.3342146
305.6266732
306.252761
306.671639
307.0065951
307.4688
299.0461951
299.1905074
299.1982146
299.2247902
299.3748293
299.3957951
299.5243903
299.7182634
299.8651024
300.0945561
300.3313366
300.6339122
300.8271902
301.0888682
301.5025072
301.7998049
302.1413463
302.4618538
302.8379024
303.2087122
303.6622732
303.9585366
304.4029073
304.804322
305.3229267
305.6687707
306.1128488
306.5257463
307.0663024
307.4114927
298.9548097
298.9268488
299.007561
299.1132098
299.1286049
299.360839
299.5517171
299.6797951
299.7981659
300.0445268
300.1806146
300.4828976
300.7536684
301.0413268
301.3833366
301.7087122
302.0261366
302.4702537
302.7767804
303.1450927
303.6102048
303.9647805
304.3650342
304.8997366
305.3139122
305.642878
306.1908879
306.5133463
306.9590049
307.4915416
298.8724683
298.8298439
298.7801951
298.8768195
299.0947805
299.1913659
299.2916878
299.4622537
299.6245756
299.8206537
300.1518634
300.4042438
300.6428977
301.1282049
301.2975512
301.5886147
301.9648098
302.2499805
302.7539512
303.1584488
303.5842829
304.0330538
304.4703122
304.7578439
305.3089073
305.6884976
306.0790146
306.5797561
307.0481268
307.5175707
298.642917
298.6492487
298.6777757
298.7266732
298.9337073
299.0299805
299.1675805
299.3438146
299.5637463
299.7605951
300.0550244
300.3426537
300.5055123
300.9658732
301.1755512
301.6520878
301.9833951
302.3149561
302.5968683
303.133961
303.4785073
303.878439
304.3855122
304.8075902
305.2984292
305.5833951
306.1290634
306.5860195
306.9358341
307.5399317
298.3889268
298.390439
298.5330245
298.6396879
298.6954537
298.7806049
298.946078
299.1335024
299.4297463
299.6736585
299.9449463
300.1600488
300.4766537
300.8678439
301.1496586
301.5235317
301.8668878
302.1732878
302.6008293
303.0281073
303.5171416
303.8831512
304.2978927
304.6859415
305.1337463
305.6261171
306.127161
306.6674439
307.0813854
307.4365171
298.0930926
298.1660977
298.2885659
298.4010049
298.4915024
298.6225756
298.8161659
299.1725462
299.1951609
299.4532195
299.7434049
300.0733072
300.305678
300.743961
300.9072585
301.3114829
301.7435708
302.1203024
302.5030733
302.8840489
303.3649561
303.7774829
304.2534341
304.7237951
305.1304585
305.697161
306.1720098
306.5687512
307.0238732
307.4958341
297.8256878
297.9382439
298.0551025
298.1116878
298.222439
298.4451609
298.5920683
298.8125267
299.1070634
299.3211512
299.5035707
299.8584683
300.2275317
300.5121561
300.821044
301.1616098
301.6500196
302.1854245
302.4490537
302.9270244
303.3007902
303.6896195
304.273161
304.6281366
305.1464389
305.7085171
306.1767512
306.6150146
306.9516683
307.6358244
297.5541756
297.7049854
297.8364977
297.9361367
298.0782341
298.2009951
298.406878
298.5890439
298.8894244
299.1600293
299.3695512
299.6987415
299.9385366
300.3478049
300.7935317
301.221278
301.5083512
301.9037659
302.4502146
302.7886829
303.1832194
303.7123317
304.0976682
304.6669756
305.1470537
305.6638439
306.0471122
306.4958244
307.1086927
307.549522
297.4421951
297.4230732
297.5154341
297.7125171
297.8051902
297.9299122
298.1353561
298.3398244
298.6702537
299.0225171
299.2873268
299.6495512
299.8850439
300.2792683
300.5944488
301.0097268
301.2509561
301.8798829
302.2062927
302.6783706
303.1434634
303.6010244
304.119961
304.4949269
304.9847415
305.5885073
305.9932195
306.5487902
307.1333561
307.5073171
296.9562829
297.1651317
297.2503024
297.4118732
297.5779024
297.7375512
297.8195902
298.2058439
298.4493561
298.736995
299.0595707
299.3185268
299.7195511
300.1245952
300.5730147
300.982078
301.2763122
301.6812877
302.1961756
302.6570049
303.0263415
303.5964195
304.1039121
304.550595
305.1593366
305.5649171
306.0746829
306.5597268
307.0588195
307.7310341
307.6256292
308.0773463
308.5969951
308.9835611
309.4448489
309.9284098
310.4467513
310.9643902
311.4326439
311.8599902
312.3578927
312.8990049
313.2927707
313.859639
314.1691901
314.5588194
314.9555317
315.405922
315.8261561
316.1808683
316.4269462
316.888078
317.2215706
317.5004585
317.795161
318.1136
318.3852488
318.7121073
318.9271707
319.098244
307.5368488
307.9981561
308.5122146
309.0392195
309.4512098
309.9351415
310.4745561
311.0297659
311.3364098
311.9043902
312.3710049
312.7124683
313.2018927
313.701922
314.0009854
314.4294732
314.9058927
315.282556
315.6450049
315.9477561
316.3261463
316.5484195
316.9421951
317.3082341
317.6300001
317.7495415
318.0457659
318.2474049
318.3655024
318.227639
307.5342049
307.9641561
308.5595415
309.0231512
309.489161
309.9962341
310.4559219
310.8462244
311.2919318
311.7823122
312.2927903
312.6886341
313.1584976
313.5722829
313.8821171
314.3456976
314.7488
315.1134927
315.5234537
315.8872878
316.1004879
316.3941659
316.7945172
316.951961
317.2828684
317.4837756
317.7243804
317.8581268
317.8427121
317.6862439
307.5474342
308.0956977
308.5660878
308.9076976
309.4762341
309.9661951
310.3846341
310.8971609
311.3317072
311.7015512
312.1638439
312.679795
313.0309561
313.4058146
313.7867024
314.2230439
314.5818146
314.9350341
315.2931708
315.7401562
316.049122
316.1848976
316.4978341
316.760839
317.0897951
317.1342439
317.3358049
317.4362536
317.4087708
317.3876878
307.569122
307.9135511
308.4542243
308.9423805
309.4858244
309.9462244
310.3948488
310.7884878
311.2652488
311.5914146
312.1685561
312.5171707
312.9743902
313.3302049
313.7769756
314.150839
314.4992488
314.7327317
315.2289367
315.5182537
315.8387903
316.1193366
316.316361
316.4825855
316.7952878
316.9104001
317.0835122
317.1608976
317.1681756
317.1077366
307.6666244
308.0177171
308.5245659
309.1027415
309.4757854
309.9197854
310.3754439
310.8402341
311.2135805
311.6925171
312.1242146
312.4583805
312.8274244
313.2827902
313.6756292
314.0769854
314.4193073
314.8259122
315.1165073
315.4123415
315.6568586
315.9840683
316.2340977
316.3537268
316.611922
316.7681463
316.7777659
316.8591707
316.8707317
317.0102732
307.520761
308.0104293
308.6404098
309.0028878
309.4194732
309.8829562
310.3446927
310.7686537
311.1932293
311.7233561
312.0804878
312.3952878
312.7803805
313.2552878
313.4785951
314.0564293
314.3170731
314.5826634
314.9395317
315.2370439
315.609395
315.714761
315.9951122
316.2751024
316.5067513
316.5740683
316.7706537
316.6959316
316.6902829
316.7289756
307.6597366
308.0575024
308.5167123
308.9210537
309.4657268
309.9422341
310.2810244
310.7341366
311.1798244
311.6285951
312.0996293
312.4273951
312.8253463
313.144
313.5388976
314.0093854
314.2985854
314.5923707
314.8597463
315.0847806
315.4251415
315.6368976
316.0011317
316.2310732
316.2615415
316.4114732
316.5495415
316.5943512
316.5908683
316.6261561
307.666283
308.1318245
308.5244
308.8947024
309.494839
309.8805171
310.288439
310.820761
311.2096585
311.4955805
312.0432976
312.4229366
312.6900098
313.161922
313.5471707
313.9168878
314.2180293
314.5267122
314.8574245
315.0492294
315.3173366
315.6146341
315.8089367
316.0183415
316.1216097
316.3401854
316.410078
316.5113464
316.4164586
316.4340878
307.6624098
308.201522
308.6143902
308.9903707
309.4655902
309.791356
310.359678
310.688722
311.0529951
311.5858341
312.008478
312.4007512
312.7309462
313.0789951
313.4991024
313.8363512
314.0395901
314.442156
314.7591414
315.0582243
315.3423707
315.6227902
315.7816098
316.0402732
316.031239
316.2147805
316.1786537
316.3687122
316.3670341
316.4700877
307.6251512
308.0834829
308.4833268
309.0059122
309.4978145
309.9439317
310.2669366
310.7319121
311.1294537
311.5645463
312.0281268
312.4116489
312.7706634
313.0843317
313.4545463
313.774078
314.245922
314.4318146
314.7303415
315.0433561
315.381805
315.4821464
315.6029561
315.926039
316.1120488
316.1578732
316.2560098
316.3713171
316.268
316.367239
307.647639
308.1110732
308.5586537
308.9005855
309.4769267
309.9900878
310.3105855
310.6894926
311.0882829
311.5975902
311.8903805
312.3614537
312.6923902
313.0752195
313.3447707
313.8490927
314.1713951
314.321444
314.7770829
315.0106341
315.2742341
315.4707415
315.7211317
315.8576781
316.0943901
316.1851318
316.1872683
316.3601659
316.2753854
316.3454828
307.7597659
308.2544585
308.7016683
309.0713659
309.4147414
309.9293854
310.3700976
310.8061172
311.1158146
311.5580977
311.998361
312.2669171
312.7048488
313.2014731
313.4836878
313.782761
314.184478
314.4263416
314.7512098
314.9533561
315.3688684
315.5039902
315.8921951
315.9295317
316.0079317
316.1784683
316.2604683
316.2873171
316.3927707
316.2820682
307.7638049
308.1301072
308.6217171
309.0362732
309.4578341
309.9640488
310.3242049
310.836878
311.1228976
311.5881366
311.9750244
312.4491316
312.6170049
313.2123023
313.4687805
313.8483609
314.1493073
314.4731316
314.7226341
315.126878
315.2977952
315.5383024
315.6870439
315.8865659
315.998078
316.1442537
316.2332585
316.3893365
316.429922
316.4508195
307.7787804
308.2326146
308.8099512
308.9769951
309.4898634
309.9085854
310.3854244
310.8597172
311.1631902
311.620878
312.0710634
312.4074145
312.7441073
313.0163317
313.5647415
313.8414829
314.1646634
314.4698341
314.861678
315.1742731
315.3808976
315.5872488
315.7929463
316.0062927
316.0758634
316.2101562
316.3815024
316.4603512
316.5838732
316.5312976
307.8492098
308.3060195
308.7722732
309.0749561
309.5581171
309.909678
310.375561
310.7976487
311.2395025
311.6429755
311.9731121
312.4042244
312.8108292
313.1868975
313.6620293
313.942605
314.3034732
314.6101561
314.9225072
315.1461952
315.4271415
315.6895024
315.7923024
316.0708878
316.1658829
316.414322
316.4202146
316.573434
316.6288
316.5443318
307.9005756
308.218722
308.6736195
309.2253171
309.6706048
310.0131902
310.4418634
310.9419512
311.2499512
311.6189171
312.0332
312.5297561
312.8352001
313.1369854
313.601483
313.9278146
314.3492
314.5898146
314.926722
315.2321463
315.5496683
315.680517
315.9585072
316.089278
316.2906926
316.5130927
316.531278
316.6789171
316.7447902
316.806361
307.8525854
308.2302439
308.7086341
309.1279805
309.6215805
310.0552683
310.3350243
310.8302341
311.3739415
311.7333659
312.1698439
312.5375415
312.9418732
313.4065659
313.5992976
314.1230634
314.3477463
314.6451415
315.0386439
315.2804683
315.6089854
315.8017463
316.0074341
316.202439
316.4765171
316.600839
316.7036098
316.8691805
316.8788488
316.9553074
307.8565073
308.1807415
308.7841366
309.2032
309.6938439
310.1486732
310.4697756
310.9636098
311.3223318
311.6802439
312.1707415
312.7026146
313.0567902
313.273278
313.7678829
314.1975316
314.3854341
314.8462049
315.178634
315.5015512
315.726722
315.9236098
316.2104976
316.4460878
316.5825268
316.669122
316.7715122
317.0098732
317.050556
317.1036683
307.7562341
308.3159805
308.7476098
309.2912879
309.7056878
310.1821366
310.483522
311.0214634
311.4270244
311.8378439
312.2589561
312.6885171
313.185678
313.5217365
313.8881854
314.2095415
314.623522
314.9764
315.1714049
315.5716781
315.7505366
316.1429268
316.4359707
316.4818049
316.5903024
316.8650732
317.0057267
317.202878
317.1191122
317.3224001
307.9992099
308.3987707
308.9052098
309.3659024
309.7679805
310.250478
310.6206244
311.1050634
311.4464292
311.909278
312.2647902
312.7298927
313.0798635
313.5410245
313.9555122
314.2769757
314.8060195
315.1055804
315.4035512
315.6920098
316.0037659
316.2705366
316.4486732
316.8606244
316.8601659
317.0897463
317.2477854
317.3495121
317.4194049
317.3802341
307.9371902
308.3257268
308.8810146
309.3972389
309.6593951
310.2333268
310.7454927
311.2552683
311.660039
312.063239
312.452283
312.8791707
313.3342829
313.6373951
314.1528585
314.4813269
314.9052682
315.1370634
315.5342634
315.9461268
316.0428293
316.3874828
316.691161
316.8236683
317.0941561
317.358517
317.515239
317.5707512
317.6159902
317.7102341
308.0410928
308.4142732
308.9230733
309.3753659
309.7857464
310.3621171
310.7600488
311.2261268
311.5500878
312.1388293
312.5322146
312.995961
313.3453366
313.811317
314.1112975
314.5888293
315.0482537
315.3826341
315.6975416
315.9341366
316.250878
316.5641463
316.9342341
317.0520975
317.4220487
317.5579708
317.6352294
317.7896
317.8385365
317.9388293
307.917522
308.4975902
308.997161
309.4146927
309.833122
310.4320098
310.8235903
311.238078
311.730039
312.2545951
312.6050537
313.0757854
313.6369171
313.9164976
314.3185171
314.7005659
315.1381463
315.5441756
315.8689269
316.2279902
316.5547415
316.786439
317.0049268
317.330995
317.5357659
317.7573756
317.8988293
318.050361
318.128722
318.2799122
307.911278
308.4989658
308.9556488
309.4406732
309.9928195
310.474078
310.8806049
311.2980683
311.8200682
312.1683415
312.7380098
313.1769463
313.628439
313.9931708
314.5041073
314.8170634
315.1748487
315.6241756
316.067239
316.4339416
316.7863024
317.1408488
317.2714537
317.5844683
317.8968098
318.0200976
318.0883512
318.2252293
318.4015415
318.6408976
308.0332976
308.4974049
308.9743317
309.550322
310.0318049
310.5274341
310.9232585
311.4656488
312.0447609
312.4240683
312.796361
313.2971708
313.8950926
314.2195805
314.5648878
315.0696293
315.5118245
315.8293463
316.3173366
316.6501269
317.0289562
317.250439
317.5595805
317.7869073
318.1000976
318.299044
318.5864391
318.6713659
318.7561561
318.9145855
308.1792293
308.4931902
308.9652098
309.5172293
310.1359902
310.5644391
310.9970146
311.5104195
312.065161
312.4409659
312.8246634
313.3755317
313.8682341
314.2527415
314.8483512
315.2949267
315.5821073
316.061961
316.4498634
316.9296878
317.1915805
317.6503708
317.8744098
318.1120781
318.441317
318.5103706
318.7961659
318.9394439
319.098361
319.1996683
308.1018537
308.6076389
309.0880489
309.5273951
310.1508976
310.6374927
311.1396391
311.6095805
312.1362537
312.6097561
313.1956781
313.5986341
313.9736195
314.4938341
315.0270049
315.3984975
315.8065072
316.2883122
316.6708097
317.0496487
317.4150146
317.7590049
318.0649854
318.430078
318.659278
318.9824293
319.1059512
319.3100195
319.5387903
319.6276488
308.1279511
308.5079122
309.2814732
309.6847317
310.1842634
310.7068098
311.2647902
311.7844584
312.2743902
312.8177463
313.2004293
313.6978146
314.2230146
314.7576684
315.1123706
315.6840195
316.0150341
316.5872878
317.0146243
317.2866926
317.6657659
317.9331903
318.4175707
318.6658145
318.9354244
319.357678
319.4666829
319.6669756
319.9340878
320.0926733
308.2133462
308.501239
309.1350634
309.7022244
310.2197268
310.8467512
311.332322
311.7573659
312.3025367
312.8642634
313.3147512
313.8427024
314.2614537
314.804078
315.4060488
315.7998732
316.3333171
316.7791611
317.2435804
317.6830927
318.007239
318.3354927
318.7054244
319.050439
319.3905073
319.6093366
319.7040098
320.0289854
320.3384001
320.3916294
296.7417073
296.8031317
296.9539707
297.0523902
297.2601074
297.4222049
297.6747415
297.842078
298.2971415
298.623922
298.8543024
299.1702537
299.5007122
299.8858829
300.2883317
300.6620975
301.3101268
301.6239805
302.0418927
302.6019902
303.0264488
303.6069268
303.9651317
304.4830342
304.9843804
305.5658438
305.9636976
306.6096683
307.1551416
307.5938634
296.4441463
296.5150829
296.5856098
296.7163024
296.9429171
297.1296195
297.3640098
297.6105268
297.9418147
298.2830731
298.6568293
299.0697951
299.4338146
299.8361171
300.2125463
300.5645268
301.0786439
301.5525366
302.0412683
302.4650829
302.9056195
303.3835317
304.0369171
304.4366732
304.9149463
305.5006829
306.1119317
306.483922
307.0753755
307.6439122
296.0033854
296.1358537
296.2704585
296.532478
296.6051902
296.8860586
297.129122
297.3904683
297.7296097
298.0087513
298.3926732
298.792039
299.1459122
299.5012585
300.0161074
300.4700584
300.8799805
301.4583903
301.8779122
302.405922
302.8415999
303.3718537
303.8382049
304.4513171
304.9039707
305.4933854
306.0769073
306.6002146
307.121122
307.6594244
295.6586049
295.7488293
295.9133366
296.1922147
296.2625951
296.6123317
296.8880098
297.2238244
297.5779707
297.8006341
298.1967805
298.5268878
299.0273171
299.3951902
299.8043416
300.2242828
300.7735316
301.3352683
301.7112879
302.1684487
302.7854537
303.2780293
303.8869074
304.3985464
304.8674927
305.5677659
305.9741463
306.5387512
307.0229561
307.6361659
295.1907805
295.3949366
295.556
295.7187317
295.9391902
296.3268878
296.5563024
296.8908293
297.2771902
297.5867512
297.9216683
298.3582146
298.8129854
299.253756
299.7745074
300.2003609
300.6337561
301.1253951
301.589434
302.2450928
302.7688488
303.3682439
303.8311512
304.3155707
304.8533463
305.3687415
305.9875023
306.6271805
307.1146049
307.716839
294.8288293
294.9954732
295.1522635
295.3613073
295.6116683
296.0130829
296.1991122
296.5775902
297.0058244
297.3594049
297.6269951
298.1428
298.5916585
298.9761756
299.5536878
299.994878
300.4840585
301.0562634
301.587678
302.1933951
302.7134829
303.167239
303.7409659
304.2667122
304.8737268
305.3688
305.9361756
306.5497268
307.0706634
307.734
294.4389561
294.570478
294.9096099
295.079122
295.2966341
295.5944878
295.8651707
296.1814341
296.6568
296.9876488
297.3763804
297.9025268
298.3738439
298.8689756
299.3141073
299.9163415
300.4007806
300.9707024
301.4200391
301.9071902
302.542439
303.0770146
303.7397951
304.2504194
304.8627415
305.4240976
305.9416488
306.5997171
307.1642341
307.7486049
294.0422928
294.219278
294.3127706
294.6112391
294.8744195
295.1410341
295.570439
295.8126146
296.2879122
296.7759902
297.1952294
297.7509463
298.1303706
298.6320098
299.2079024
299.7169659
300.2597073
300.7827902
301.4105366
301.9639805
302.3424
303.0886829
303.6380585
304.1981562
304.797161
305.4656975
305.9213561
306.4803708
307.1593756
307.7017463
293.639122
293.7889462
293.8843415
294.1885561
294.5205756
294.8126341
295.2587024
295.5117073
295.9093073
296.381961
296.9719806
297.5381951
297.9262634
298.5422049
298.9199317
299.5889073
300.0445561
300.6282926
301.1868195
301.7736976
302.5039317
302.995239
303.6131511
304.1312684
304.758195
305.4403805
306.0336976
306.5326634
307.253961
307.7878733
293.0890829
293.2894147
293.5604878
293.7665951
294.122322
294.4261268
294.8668878
295.202966
295.8724781
296.1870928
296.6869658
297.2545268
297.8115805
298.3633561
298.9386145
299.4733952
300.0545073
300.5681073
301.1414146
301.7546146
302.3305267
303.0088293
303.5873268
304.1812293
304.7333366
305.4158634
305.9816976
306.5032195
307.3106049
307.8247024
292.5101951
292.8462537
293.0146927
293.3175416
293.6760585
294.0897171
294.5856195
294.9524976
295.450761
295.9190537
296.4571511
297.0680683
297.481278
298.2466926
298.7310145
299.3510538
299.970878
300.4746829
301.1696098
301.7522439
302.345561
303.0179903
303.4942244
304.1430633
304.8383317
305.413561
305.9516976
306.5993171
307.3754146
307.7928195
292.0636878
292.3038049
292.5562049
292.8398439
293.3431512
293.6375317
294.1029854
294.653239
295.2472584
295.608761
296.2178537
296.8723805
297.4452487
297.9906341
298.4970243
299.2548195
299.8237951
300.5197366
301.0563708
301.6626341
302.2435122
302.8631122
303.567639
304.1695902
304.7888195
305.4282244
306.0724683
306.7641756
307.2885756
307.8403902
291.5626829
291.7271707
291.988761
292.4113659
292.7831415
293.3454634
293.816722
294.3445073
294.8722829
295.5030732
296.0966634
296.598322
297.2131805
297.8656683
298.4224877
299.1075317
299.7663804
300.3927512
301.0971512
301.6715219
302.3086049
302.9698732
303.6674927
304.2829463
304.8468585
305.4641073
306.0483024
306.7011805
307.3346244
307.9562439
290.9564195
291.238839
291.5976684
291.9548098
292.3858538
292.8710145
293.3830049
294.078078
294.6496001
295.2610537
295.8611123
296.4431511
297.1177171
297.8525463
298.4394634
299.1001659
299.7016293
300.3689365
301.1159512
301.681278
302.4084
303.0136488
303.5369463
304.1308292
304.8469756
305.4542928
306.0387806
306.704878
307.3724683
307.9853951
290.3846341
290.5662341
291.0421659
291.4307609
291.9074537
292.3742928
293.0947512
293.7621756
294.4402828
294.9954341
295.6469171
296.2811414
297.0679902
297.602322
298.3239415
299.0435416
299.7424196
300.3953268
301.0942146
301.6718829
302.2971123
303.0194439
303.6275122
304.3544878
304.902478
305.6240683
306.1216878
306.7947415
307.4165171
308.0147512
289.7841463
290.0588878
290.4157268
291.0037463
291.5971513
292.0579512
292.7242147
293.3861854
294.0763122
294.776234
295.5630829
296.1921561
296.9570927
297.6987707
298.3027512
299.0670927
299.7179024
300.3887707
300.9731805
301.7024585
302.3455024
303.0461756
303.6781172
304.2770635
304.9894634
305.5307415
306.2010829
306.7846928
307.4173463
308.049961
289.1407706
289.4384196
289.9566829
290.4718244
290.9950341
291.7614829
292.3863122
293.1509463
293.9848585
294.6407024
295.3917171
296.1229854
296.8161561
297.6550048
298.2929268
298.9997756
299.7562244
300.4018146
300.9492098
301.7347903
302.4147122
303.1134634
303.717795
304.3416976
305.0135902
305.6500879
306.2227512
307.0134244
307.4469462
308.0046732
288.5269366
288.7900098
289.384039
290.0140293
290.6095024
291.4272878
292.055005
292.8552293
293.6418146
294.4198048
295.2282927
296.0903902
296.803122
297.5757756
298.3360292
299.0695025
299.7761463
300.3929757
301.2239317
301.8997171
302.5558048
303.2363122
303.8296195
304.4626829
305.1354634
305.7069854
306.419483
306.832322
307.5616683
308.0172488
287.866234
288.3182049
288.8915707
289.5212878
290.2806732
291.0308293
291.870439
292.6237757
293.6648977
294.3908293
295.1388391
296.0380585
296.8571512
297.6797757
298.4015513
299.1788293
299.9494732
300.6898732
301.3157463
302.1068292
302.7152293
303.2783024
303.9520488
304.5512098
305.2167317
305.7565561
306.3586245
307.0451415
307.6113951
308.1842829
287.2664684
287.6675122
288.3501074
288.9575025
289.8538048
290.820039
291.646078
292.5679415
293.5227805
294.3708097
295.3151805
296.1760293
296.9753854
297.9479512
298.6349172
299.4381659
300.1212195
300.8255707
301.3784976
302.1914537
302.8701952
303.5011901
304.0798829
304.6990146
305.2328977
305.9481561
306.5465366
307.062322
307.7064584
308.2477658
286.5442731
287.131434
287.9373366
288.679639
289.4784
290.5945561
291.5017854
292.5894537
293.468878
294.4160976
295.3719415
296.2177366
297.1549268
297.9954731
298.6872293
299.4323902
300.2487318
301.0131707
301.7199805
302.4026537
302.9466048
303.6081366
304.2163122
304.8810243
305.399239
306.0501562
306.6223805
307.1782341
307.702995
308.2823122
285.8000292
286.410761
287.3321171
288.1269561
289.2141073
290.4335024
291.4593951
292.5694634
293.6233366
294.6474146
295.5212488
296.5751416
297.3986049
298.2922048
299.0409366
299.8866244
300.5994244
301.2871512
301.9128585
302.582361
303.2654537
303.9750049
304.3633854
304.9946146
305.5792976
306.0848975
306.7579805
307.3431122
307.7998536
308.2267122
285.095961
285.7668585
286.7989854
287.9999903
289.0536585
290.3401952
291.6123902
292.6915512
293.884878
294.9253463
295.9095707
296.892839
297.8448
298.5890634
299.3992878
300.2377756
300.8676585
301.5691122
302.2348878
302.8872877
303.3208878
304.0518146
304.5883707
305.3017366
305.729239
306.3398146
306.7710146
307.4224585
307.9522244
308.4207512
284.3263708
285.1932
286.323922
287.6604683
289.1015805
290.3807317
291.8907512
293.1351415
294.2803708
295.4159415
296.331639
297.270478
298.1778244
299.0918927
299.8348975
300.4610732
301.3150146
301.9512488
302.5909951
303.1638341
303.7930732
304.1783122
304.8573463
305.3125561
306.0238049
306.511961
306.9651708
307.5016488
307.9876585
308.5549561
283.4987706
284.5740682
285.9942147
287.5764878
289.251278
290.8018537
292.2278244
293.531961
294.863122
295.859678
296.9293756
297.7997171
298.8050049
299.5695611
300.3679512
300.9456683
301.7463511
302.332644
302.9144196
303.406
304.0926829
304.5409951
305.0815609
305.5829951
306.1386245
306.683961
307.0975805
307.5365462
308.0998634
308.5001756
282.7228488
284.0542341
285.9533951
287.8048488
289.7440099
291.3391512
292.9723708
294.4274049
295.4803415
296.6401561
297.5754342
298.5702243
299.3345268
300.0967707
300.7776488
301.5592098
302.1761853
302.6876682
303.4200098
303.857922
304.4193561
304.848761
305.363522
305.9353756
306.3614634
306.8957658
307.1968098
307.7804098
308.257639
308.5790244
281.8264781
283.7925268
286.1352487
288.5417073
290.5833951
292.4572878
293.985522
295.359922
296.4641171
297.5331902
298.4761268
299.4431219
300.0480391
300.8350049
301.4318732
302.0668098
302.7297268
303.2116975
303.7959415
304.2554927
304.7603415
305.2482049
305.6996976
306.1617268
306.517278
307.013678
307.481639
308.001278
308.2752293
308.7736195
281.1214732
284.0001659
287.2060001
289.987922
292.1317366
293.985922
295.3514243
296.6167317
297.7441757
298.6124781
299.4258732
300.2118341
300.9613365
301.5102926
302.2115024
302.744195
303.2033951
303.8687512
304.269922
304.8190828
305.2403902
305.5983707
306.0664976
306.4948
306.849678
307.2774049
307.6432097
308.1018146
308.4408195
308.9118146
280.7314927
285.6368684
289.6281366
292.3763805
294.4730244
295.9293854
297.1065366
298.1626341
299.0496195
299.8661854
300.4409462
301.1985756
301.7715805
302.3862537
303.0577756
303.3407901
303.9346147
304.3961757
304.8276098
305.3003902
305.6170439
306.0541073
306.4424195
306.8117951
307.1250634
307.5704098
307.9431512
308.3583512
308.5645367
308.8714829
284.2324878
291.2524292
294.1886928
295.9561073
297.3846537
298.3642341
299.2208099
299.9923708
300.6816976
301.242439
301.8351805
302.3209756
302.7913171
303.3290927
303.7212878
304.2177951
304.7299316
304.9185951
305.2775512
305.6844195
306.1781854
306.5026245
306.7595805
307.1436488
307.4621659
307.8183805
308.0516293
308.4366244
308.748156
309.0685073
308.1893854
308.7089366
309.1971024
309.7773366
310.2608098
310.9147513
311.3261365
311.9024584
312.3897659
312.9772976
313.484361
313.9588976
314.4677073
315.1097171
315.537161
316.0772293
316.5376293
317.0009561
317.404322
317.7857073
318.2587416
318.5261756
318.9978634
319.2855707
319.7610829
320.0333463
320.2360585
320.5537951
320.7590438
320.7910537
308.1349366
308.7773366
309.1872975
309.7079414
310.2752585
310.7991122
311.4844585
312.0076488
312.6370439
313.1845951
313.6017073
314.1901367
314.6966634
315.2449951
315.7001269
316.2468585
316.6826634
317.2708878
317.685278
318.0739024
318.6103024
318.9846244
319.3803317
319.7699317
320.1710438
320.4191805
320.6300684
320.8838537
321.1276488
321.296761
308.2162927
308.7532781
309.3423999
309.8437462
310.4021562
310.9899024
311.4885269
312.2398927
312.6411512
313.1971512
313.7820389
314.3958733
314.914605
315.3992293
315.8694244
316.4123415
316.9935317
317.4852585
318.0209365
318.3698829
318.841961
319.2774732
319.618478
320.0443805
320.4375318
320.8407707
321.0941073
321.4231317
321.5873463
321.7186439
308.2816
308.7553659
309.3095024
309.9185756
310.674839
311.0292976
311.6528098
312.2312293
312.7426341
313.3154244
313.9548976
314.4565267
315.0860293
315.5958146
316.1733268
316.5632195
317.2631025
317.6678146
318.1812878
318.7790928
319.1596585
319.5781561
320.1589073
320.5343415
321.031522
321.2336585
321.5866537
321.8240977
322.022439
322.2614439
308.2342341
308.9116586
309.4583902
310.058039
310.5853658
311.1301463
311.7711512
312.3277463
312.8322927
313.4972293
314.0050244
314.5460293
315.1783707
315.7042341
316.3393659
316.9312585
317.5819317
317.9987805
318.5556
319.0627903
319.4380781
319.9030927
320.4806243
320.8788585
321.2308878
321.5057756
322.0804975
322.3280683
322.5462049
322.6620487
308.3139903
308.9764975
309.498478
310.0366634
310.6507317
311.3578439
311.8101463
312.384439
312.961161
313.5496
314.1476194
314.746039
315.4282927
315.8996001
316.4509073
317.1222049
317.6235219
318.303717
318.7728099
319.3627805
319.8682537
320.3353366
320.767883
321.3164683
321.8453561
322.1556682
322.4961464
322.8734146
323.2028976
323.2863415
308.3337171
308.9024195
309.4727707
310.123561
310.7026244
311.4058634
311.9157073
312.5857463
313.1012975
313.7736293
314.2910438
314.9275513
315.6056781
316.0693366
316.8370244
317.2228878
317.9756195
318.549922
319.1428684
319.6881854
320.1806634
320.7440389
321.2229073
321.7141365
322.1247707
322.5294146
322.895805
323.2939512
323.6426049
323.9929951
308.2652487
308.9850244
309.5543707
310.1740098
310.8413463
311.3738146
312.0520877
312.6660293
313.3238439
313.8642146
314.5245562
315.044605
315.705522
316.3696097
316.8734828
317.4754049
318.1842732
318.8114634
319.3989268
320.0378732
320.5663611
321.1951805
321.5903708
322.2018341
322.5964195
323.0512585
323.4877366
323.9174341
324.1573561
324.5437658
308.3980976
309.0502341
309.5703901
310.167278
310.8662732
311.430878
312.0859512
312.7179707
313.2752
313.8342341
314.5806634
315.2273268
315.8922537
316.5231707
317.1122049
317.8621366
318.4172
319.0242928
319.6734927
320.1985366
320.9001172
321.538039
321.9637951
322.5334829
323.0877073
323.5335902
324.0797951
324.4301268
324.9071805
325.1239611
308.3725561
309.0419219
309.6799903
310.2222439
310.8958732
311.6144293
312.1274049
312.8884976
313.3275805
314.1435317
314.7340195
315.3444098
316.0068585
316.7064
317.3633268
318.1492488
318.5958244
319.3707415
320.0484585
320.6175902
321.3185855
321.8763902
322.3891122
323.0528683
323.5113269
324.112
324.6583024
325.0116878
325.5000196
325.8449561
308.5407805
309.1356195
309.5256683
310.3882732
310.8848584
311.5852293
312.1043609
312.7679512
313.5641073
314.2370829
314.8658538
315.4798537
316.2571512
316.9135512
317.5000977
318.2795903
318.8249463
319.6830537
320.2150438
320.958478
321.6084292
322.1585951
322.9326341
323.5203415
324.0892
324.739639
325.1346439
325.8017951
326.0998537
326.4365367
308.5934146
309.0691805
309.7232976
310.3333073
310.9302927
311.6998341
312.2622732
312.8644976
313.5068585
314.203278
314.8777756
315.609239
316.318439
317.0082244
317.6925073
318.4131707
319.1298049
319.8457268
320.4736683
321.27
321.9178634
322.6658146
323.2508098
323.9073756
324.4738244
325.0953562
325.7800488
326.2707805
326.7975025
327.2149853
308.5028293
309.1535024
309.8152195
310.4370146
310.9739024
311.7547318
312.3741951
312.9453951
313.6667024
314.2416585
315.0224585
315.6328293
316.4562537
317.122722
317.8309268
318.5970244
319.3357171
320.1031804
320.7001951
321.620078
322.3304976
323.0185463
323.7095317
324.4109756
325.214
325.734322
326.4172585
326.9563512
327.3901951
327.7826829
308.5470927
309.2205366
309.7978634
310.5554926
311.0196683
311.7744
312.3251707
312.9314145
313.8546537
314.4940488
315.0725659
315.7584098
316.4290245
317.1957171
318.0232878
318.7615805
319.5073659
320.405678
321.0281464
321.7866537
322.4628098
323.3002634
324.0946927
324.887122
325.5848682
326.2533756
326.9909268
327.6029171
328.1248878
328.6292293
308.6377659
309.2141268
309.8405951
310.4798341
311.0894244
311.6064586
312.4207414
313.0507025
313.6924683
314.4396293
315.1434829
315.7892195
316.5866829
317.373122
318.0371316
318.788322
319.6452585
320.4477659
321.220478
322.0911415
322.8830341
323.7327999
324.5318049
325.4023122
326.1269561
326.824361
327.5636293
328.2554049
328.8085463
329.3759902
308.637278
309.2840195
309.8677268
310.4585366
311.1490635
311.7410439
312.3885561
313.1041561
313.7045463
314.4251805
315.159678
315.8844195
316.6995512
317.3477268
318.1107512
318.8579024
319.719678
320.5910633
321.576839
322.2989659
323.1189268
324.1471024
325.0269171
325.7044195
326.7362732
327.4894244
328.245961
328.9019415
329.5883902
330.1441366
308.7168294
309.2870829
309.9447707
310.5281951
311.1407707
311.8618927
312.449434
313.0843317
313.8585268
314.5323122
315.1677171
315.9341756
316.6127707
317.3933658
318.2562146
319.0970049
319.8710926
320.7056098
321.5322145
322.492166
323.3995317
324.3892293
325.3125268
326.2797854
327.1417951
327.908722
328.9286927
329.7477172
330.4308976
331.1260585
308.8033268
309.3788293
310.0053951
310.5839805
311.1908878
311.8824683
312.5198732
313.0173072
313.7112196
314.4069366
315.1465367
315.8948293
316.6950927
317.377922
318.2661366
319.0607804
319.8459707
320.9809854
321.7146537
322.6099707
323.6757561
324.6854732
325.4942634
326.6115902
327.5616195
328.5213756
329.5204293
330.2822633
331.0866829
331.8046244
308.8094537
309.359678
309.9626732
310.6373171
311.1919317
311.7752098
312.5248878
313.1238927
313.6512487
314.3399902
315.2030049
315.8968488
316.7623122
317.4216293
318.2375122
319.1108488
320.0522243
320.8625756
321.7464488
322.7605073
323.7429562
324.6977463
325.8096098
326.9354439
328.0347512
329.092
330.1032976
331.0936976
332.0892683
332.8442439
308.7922439
309.5287902
309.9486049
310.6377366
311.1754634
311.8328293
312.4712195
312.9578732
313.7025366
314.4055902
315.0283707
315.7968781
316.5781463
317.328839
318.070166
318.9056585
319.937405
320.8107805
321.8090927
322.7368977
323.741239
324.9956488
326.0822341
327.2362049
328.4323318
329.6980098
330.8369366
331.8027512
332.9238634
333.755161
308.7896098
309.4732683
309.9128977
310.5608294
311.0891805
311.8773073
312.2943806
313.0193366
313.6041756
314.2994146
314.9915902
315.6814244
316.440322
317.2036781
318.0115902
318.8612976
319.7077268
320.6642733
321.7303903
322.819395
323.8841171
325.0189659
326.3266537
327.4447512
328.7068488
330.1723805
331.2507024
332.5701366
333.7327415
334.7732
308.9389171
309.3547903
310.0586635
310.6065366
311.1424878
311.5829854
312.2399316
312.9757366
313.557278
314.2008488
314.9220488
315.6143512
316.2902634
317.1250243
317.917434
318.7215415
319.6184878
320.5289367
321.5782927
322.6993463
323.7447804
325.0041464
326.3420098
327.5610244
329.0488488
330.5021561
331.8851024
333.2275805
334.5366145
335.6354732
308.9945658
309.5717951
310.0500585
310.5324878
311.093356
311.6133171
312.2427415
312.8698341
313.4352585
314.1529854
314.8505756
315.2805855
316.0025366
316.7781268
317.7012878
318.4230342
319.401639
320.3877365
321.3356
322.3152
323.5717366
324.7163024
326.0758732
327.5610926
329.1698634
330.7281171
332.2963317
333.876361
335.4586049
336.6373756
309.1709073
309.5643317
309.9901268
310.5490829
311.0946245
311.6799609
312.127356
312.7038732
313.3294634
314.0010341
314.6591512
315.1494244
315.9065561
316.5401073
317.396361
318.1563512
318.9786146
319.9112683
321.0745756
322.1416195
323.2727999
324.5084391
325.9884878
327.3823122
329.1373073
330.8917659
332.684722
334.5515903
336.2355805
337.8785267
309.0831805
309.5250733
310.0888878
310.5536098
311.0610438
311.5383708
312.0041561
312.549444
313.2582341
313.8167416
314.3542829
314.9532683
315.6715611
316.3413073
317.0063805
317.8287024
318.5888293
319.5338732
320.5060487
321.5989365
322.8322341
324.0033366
325.5143415
327.0279707
328.8239902
330.7201267
332.9479024
335.0712391
337.1384489
339.1687511
309.0946829
309.6093073
310.0283122
310.5599902
311.0036098
311.5098341
312.0609756
312.4484391
313.0509854
313.5796586
314.2892585
314.8027414
315.3058341
315.8960976
316.6108683
317.4562927
318.256878
319.0143902
319.918322
321.1219511
322.2245756
323.5103122
324.8369561
326.448361
328.2713756
330.3521366
332.7244
335.3042243
337.869122
340.1299512
309.218322
309.6726244
310.0544293
310.5607024
310.9445659
311.3707024
311.886
312.2977951
312.8088098
313.4520488
313.8626146
314.4083805
314.9954439
315.6434536
316.3184488
317.0600586
317.6968976
318.5429951
319.4163902
320.3418049
321.4334244
322.5755219
323.9143122
325.5233854
327.3966341
329.5917659
332.1282829
335.0909171
338.4433366
341.4188
309.2844195
309.7514244
310.0835805
310.5467609
310.9120683
311.2984976
311.7849756
312.0680976
312.6538146
313.1544976
313.5325367
314.0912195
314.630322
315.2457073
315.7871902
316.4269854
317.0848195
317.9057659
318.5088
319.3971024
320.4642146
321.5735317
322.8733172
324.3982049
326.0434732
328.108039
330.7497463
334.2480878
338.1966146
342.6176098
309.292556
309.7239122
310.1426537
310.389639
310.8226244
311.2717951
311.6445171
311.9604292
312.3789951
312.8519121
313.2983415
313.7710634
314.3382146
314.7709365
315.3422926
315.9042634
316.4576488
317.203034
317.7827024
318.6732976
319.5051805
320.4330049
321.5078635
322.6838146
324.2273463
326.0647416
328.4588976
331.6818732
336.644
343.4083805
309.4621561
309.7315122
310.1657659
310.3625268
310.7337854
311.1478439
311.4169659
311.9322635
312.1470927
312.5743024
313.0724293
313.4152195
313.8778049
314.3100293
314.8915024
315.354078
315.8401366
316.4315317
317.0142146
317.6936488
318.4710634
319.0310341
319.9803513
320.9999512
322.0955903
323.4048099
325.1558146
327.291922
331.0243707
339.9065854
)
;

boundaryField
{
    FLOW
    {
        type            calculated;
        value           nonuniform List<scalar> 
60
(
284.2324878
291.2524292
294.1886928
295.9561073
297.3846537
298.3642341
299.2208099
299.9923708
300.6816976
301.242439
301.8351805
302.3209756
302.7913171
303.3290927
303.7212878
304.2177951
304.7299316
304.9185951
305.2775512
305.6844195
306.1781854
306.5026245
306.7595805
307.1436488
307.4621659
307.8183805
308.0516293
308.4366244
308.748156
309.0685073
309.4621561
309.7315122
310.1657659
310.3625268
310.7337854
311.1478439
311.4169659
311.9322635
312.1470927
312.5743024
313.0724293
313.4152195
313.8778049
314.3100293
314.8915024
315.354078
315.8401366
316.4315317
317.0142146
317.6936488
318.4710634
319.0310341
319.9803513
320.9999512
322.0955903
323.4048099
325.1558146
327.291922
331.0243707
339.9065854
)
;
    }
    WALL
    {
        type            calculated;
        value           nonuniform List<scalar> 
180
(
296.7417073
296.4441463
296.0033854
295.6586049
295.1907805
294.8288293
294.4389561
294.0422928
293.639122
293.0890829
292.5101951
292.0636878
291.5626829
290.9564195
290.3846341
289.7841463
289.1407706
288.5269366
287.866234
287.2664684
286.5442731
285.8000292
285.095961
284.3263708
283.4987706
282.7228488
281.8264781
281.1214732
280.7314927
284.2324878
296.605083
297.5851122
297.9592878
298.377961
298.7002048
298.951922
299.1660098
299.2657073
299.467678
299.4240001
299.548722
299.6631708
299.7222537
299.6892294
299.637522
299.6132
299.5481269
299.4363512
299.3914439
299.2267024
299.0461951
298.9548097
298.8724683
298.642917
298.3889268
298.0930926
297.8256878
297.5541756
297.4421951
296.9562829
296.605083
296.5746341
296.8202634
297.0283024
297.3211707
297.5644194
297.912
298.0745073
298.2628976
298.6457952
299.002234
299.2596098
299.6480585
300.0121853
300.3370634
300.7996683
301.0093756
301.5095511
301.9375707
302.2718146
302.708361
303.2348194
303.5928781
304.1734244
304.6264292
305.0297171
305.5382634
306.0555805
306.4726439
307.0579805
307.6256292
308.0773463
308.5969951
308.9835611
309.4448489
309.9284098
310.4467513
310.9643902
311.4326439
311.8599902
312.3578927
312.8990049
313.2927707
313.859639
314.1691901
314.5588194
314.9555317
315.405922
315.8261561
316.1808683
316.4269462
316.888078
317.2215706
317.5004585
317.795161
318.1136
318.3852488
318.7121073
318.9271707
319.098244
319.098244
318.227639
317.6862439
317.3876878
317.1077366
317.0102732
316.7289756
316.6261561
316.4340878
316.4700877
316.367239
316.3454828
316.2820682
316.4508195
316.5312976
316.5443318
316.806361
316.9553074
317.1036683
317.3224001
317.3802341
317.7102341
317.9388293
318.2799122
318.6408976
318.9145855
319.1996683
319.6276488
320.0926733
320.3916294
320.7910537
321.296761
321.7186439
322.2614439
322.6620487
323.2863415
323.9929951
324.5437658
325.1239611
325.8449561
326.4365367
327.2149853
327.7826829
328.6292293
329.3759902
330.1441366
331.1260585
331.8046244
332.8442439
333.755161
334.7732
335.6354732
336.6373756
337.8785267
339.1687511
340.1299512
341.4188
342.6176098
343.4083805
339.9065854
)
;
    }
    frontAndBack
    {
        type            empty;
    }
}


// ************************************************************************* //
