/*--------------------------------*- C++ -*----------------------------------*\
  =========                 |
  \\      /  F ield         | OpenFOAM: The Open Source CFD Toolbox
   \\    /   O peration     | Website:  https://openfoam.org
    \\  /    A nd           | Version:  6
     \\/     M anipulation  |
\*---------------------------------------------------------------------------*/
FoamFile
{
    version     2.0;
    format      ascii;
    class       volScalarField;
    location    "20.5";
    object      dsmcRhoN;
}
// * * * * * * * * * * * * * * * * * * * * * * * * * * * * * * * * * * * * * //

dimensions      [0 -3 0 0 0 0 0];

internalField   nonuniform List<scalar> 
3600
(
313
279
301
251
305
265
290
298
309
317
280
342
294
279
259
322
325
299
311
311
279
291
283
296
311
335
318
332
283
302
281
269
297
322
272
322
284
309
279
309
279
287
289
297
283
300
311
309
302
291
309
283
311
300
294
321
303
285
311
283
283
300
302
267
316
323
266
295
279
340
291
287
326
275
278
306
331
310
322
275
289
264
292
291
306
326
272
317
327
309
320
252
303
307
293
303
329
283
323
276
329
294
303
289
290
284
304
332
320
291
305
285
303
299
297
305
316
313
277
323
330
310
293
323
315
298
277
310
340
284
305
328
309
287
286
268
290
289
291
331
308
308
299
319
288
315
293
314
319
288
310
277
289
307
292
321
284
308
333
314
261
271
301
310
298
323
298
301
303
342
307
327
325
302
329
293
314
309
303
277
293
284
317
303
321
294
286
311
278
302
328
278
299
310
308
264
319
299
334
290
315
296
273
307
302
307
315
289
301
328
290
325
310
317
285
286
295
306
299
310
287
298
324
277
310
308
328
315
317
329
319
318
317
304
279
297
279
317
322
323
298
306
260
320
313
285
312
296
283
308
295
280
295
306
294
279
308
271
325
310
309
297
304
293
317
306
313
294
271
311
284
291
331
301
295
278
269
332
309
324
327
325
319
317
323
284
300
301
325
341
303
311
297
292
317
280
311
319
312
301
312
302
275
300
298
289
319
267
288
288
307
270
313
293
283
289
310
304
293
285
304
299
289
330
307
321
314
300
298
311
306
304
264
290
283
279
277
308
284
287
330
321
275
306
315
285
289
289
277
279
311
303
313
277
311
297
320
305
317
327
315
297
301
285
286
297
308
319
317
283
304
306
298
321
298
293
294
322
285
289
301
301
309
322
313
339
309
297
295
311
311
304
301
285
295
320
308
278
302
257
314
316
312
294
309
303
308
292
305
303
308
313
282
339
301
322
301
323
303
351
306
277
294
343
319
313
316
276
315
284
296
344
322
315
308
307
298
321
303
304
292
305
312
301
302
322
295
289
303
293
291
295
316
290
301
293
289
285
300
327
277
313
301
338
318
330
279
296
271
277
310
296
305
290
311
328
282
296
314
298
299
288
287
312
298
310
280
272
299
280
317
294
323
325
290
315
325
311
289
309
335
295
319
324
317
281
317
274
272
268
290
302
300
294
306
295
290
316
307
305
311
311
285
274
303
332
314
336
307
283
277
333
337
291
287
295
320
320
317
305
314
308
287
269
284
292
303
307
305
295
311
298
299
277
293
282
318
327
318
303
307
327
308
295
311
311
296
337
318
285
269
302
286
310
331
306
304
306
306
319
266
299
302
318
315
320
347
282
300
269
316
285
325
292
300
296
321
281
318
323
312
288
333
273
293
283
334
316
331
287
316
266
321
299
280
300
320
315
280
299
293
267
297
304
301
323
298
310
292
300
320
300
280
275
263
288
330
298
311
300
291
324
290
295
297
300
295
335
309
292
287
288
260
283
296
312
326
281
297
289
309
303
304
300
274
284
285
303
298
304
297
298
279
288
299
276
310
327
305
310
289
316
284
315
282
285
296
289
278
300
310
312
277
344
283
281
299
308
313
312
312
312
289
318
288
297
325
304
293
308
297
300
286
298
325
298
276
312
336
316
315
271
277
310
328
280
296
286
330
279
301
301
274
270
291
273
342
291
299
285
308
314
290
295
291
297
334
307
315
306
300
280
313
321
294
296
292
311
285
326
325
312
274
319
291
278
292
312
297
294
315
273
305
331
293
317
307
300
302
296
271
285
286
270
311
301
289
284
310
278
296
308
295
293
298
286
308
306
306
314
345
293
259
293
283
296
285
321
310
316
284
299
297
311
274
304
308
275
326
302
292
285
327
295
266
274
304
306
286
330
270
326
288
308
298
274
323
323
309
308
305
277
299
289
280
293
305
312
303
279
279
304
273
292
302
290
289
287
296
305
307
333
295
328
330
297
315
311
305
298
311
289
305
295
291
303
291
281
317
287
286
291
275
287
299
298
314
313
310
279
321
272
305
283
318
298
280
303
314
295
307
318
299
318
315
313
330
327
344
294
321
289
342
355
335
350
320
318
296
315
324
305
300
317
304
311
293
309
282
312
297
293
317
286
269
282
283
324
328
308
354
320
312
288
325
328
292
330
330
321
315
295
317
305
343
295
331
325
330
318
290
288
314
322
318
325
302
289
271
318
310
292
305
342
330
318
313
313
342
361
326
316
350
336
322
295
312
298
327
315
314
319
320
340
313
312
334
327
289
291
343
294
332
352
285
318
301
310
311
306
309
310
323
319
310
322
305
320
301
343
329
327
300
315
316
304
299
315
321
309
286
338
321
322
331
345
309
367
339
286
316
341
314
307
332
301
304
329
293
327
288
270
306
293
298
289
336
321
319
319
317
328
308
327
323
313
313
287
310
329
330
318
286
355
340
324
341
353
316
347
319
294
335
321
313
297
318
294
289
304
297
343
322
297
317
322
309
270
324
328
328
309
342
318
347
325
336
305
322
289
321
316
281
324
320
312
283
292
305
340
308
331
282
300
317
315
323
313
324
313
348
283
312
303
327
303
300
329
325
307
313
334
293
296
294
325
313
322
287
303
316
296
287
290
298
316
308
293
342
293
309
312
323
336
303
345
339
303
313
334
325
269
332
309
293
322
296
292
327
337
323
326
322
327
330
311
288
323
331
310
354
288
285
316
336
325
334
349
312
323
299
302
302
316
326
296
282
342
321
339
334
359
338
308
344
321
323
320
306
330
340
329
348
294
349
306
344
306
319
343
326
300
326
320
303
290
295
325
321
316
328
306
304
310
296
326
308
323
315
321
304
313
304
329
297
315
314
310
305
324
313
300
321
301
308
306
301
309
296
300
326
327
301
350
312
329
332
309
325
307
317
362
296
298
335
328
308
305
303
302
333
309
316
304
294
314
326
295
319
339
321
279
312
296
314
347
324
320
321
342
322
307
308
359
292
290
297
318
328
325
337
311
311
314
319
332
321
267
345
306
320
287
334
301
318
298
298
305
327
322
322
335
301
320
328
349
314
301
317
331
300
299
311
316
302
300
304
301
311
319
331
281
322
325
290
295
314
313
311
307
321
335
300
283
270
313
340
328
320
327
306
293
291
326
328
327
302
331
314
283
362
310
312
332
291
295
337
333
327
314
327
321
313
294
331
312
300
348
327
354
300
303
330
297
353
316
310
328
310
314
325
341
285
319
315
335
320
315
322
324
331
278
333
308
295
278
324
294
293
307
291
308
308
330
319
335
346
290
320
300
331
323
309
342
313
352
314
326
323
315
279
316
297
351
295
313
299
312
340
305
290
324
301
322
314
313
291
290
315
331
286
303
347
343
335
331
282
326
303
350
342
320
304
303
319
291
333
311
343
314
293
294
332
302
322
313
318
279
266
333
306
298
320
325
325
290
304
342
313
291
290
344
301
293
372
319
300
325
330
320
318
307
322
318
291
320
326
314
287
332
314
304
316
317
291
298
291
320
299
284
289
302
293
314
300
295
362
297
313
331
301
296
295
333
281
319
296
308
338
306
310
269
301
308
300
288
325
328
333
338
298
320
298
278
366
305
319
316
323
347
307
329
304
300
286
314
303
344
308
282
274
332
341
311
319
321
326
305
327
320
306
321
340
323
310
318
331
321
316
310
307
319
324
295
303
344
291
339
311
337
295
335
301
310
312
333
361
310
315
332
334
323
312
284
324
317
322
321
305
319
281
321
288
316
317
295
344
326
333
300
282
299
300
329
311
340
326
318
318
293
294
294
318
295
304
310
328
312
295
350
324
329
341
331
309
322
319
300
306
312
315
316
316
326
301
289
318
334
324
314
322
320
295
314
335
347
309
290
309
328
333
326
298
319
312
316
317
334
327
328
297
285
318
316
293
321
328
310
323
323
315
322
321
316
309
339
317
314
316
347
314
330
312
324
325
345
334
310
275
325
316
313
330
281
269
319
305
340
306
303
323
322
316
329
306
328
286
295
326
337
311
284
302
321
312
297
281
279
318
307
300
317
313
308
307
324
309
338
294
302
307
324
311
295
319
293
334
331
305
312
319
299
267
297
294
301
325
302
314
347
295
294
316
317
292
283
307
317
281
289
301
283
345
310
301
310
288
312
311
314
291
313
290
260
309
302
276
326
298
293
328
277
279
301
269
289
295
292
295
307
282
318
304
319
315
318
325
296
264
313
312
282
285
276
264
294
309
295
281
284
300
297
314
317
293
312
307
309
323
287
272
335
288
326
323
295
328
301
308
279
289
300
299
259
299
288
296
321
316
310
300
319
297
308
278
287
287
319
335
307
287
305
282
312
257
304
308
302
285
307
304
288
318
287
306
284
292
265
259
292
268
278
308
287
294
299
297
303
271
290
291
331
305
324
314
333
311
350
294
297
308
290
318
291
283
282
288
302
288
268
302
299
283
275
301
301
308
287
308
288
312
330
315
295
301
317
296
295
302
329
286
293
299
312
326
293
260
296
279
269
302
304
307
297
300
273
285
269
323
296
261
312
280
306
318
290
300
307
316
304
287
328
300
297
326
274
285
295
304
289
305
337
297
293
298
301
320
276
321
310
321
300
296
297
314
309
299
288
314
324
306
297
289
269
310
283
268
305
293
324
275
330
308
298
293
305
317
323
318
310
305
298
316
328
299
307
311
298
298
312
299
291
298
289
286
281
271
335
293
290
274
299
259
294
355
288
273
272
306
292
306
271
275
330
277
347
302
313
343
353
303
279
279
300
298
257
284
305
294
285
318
299
293
288
296
282
302
326
293
291
307
330
319
252
322
313
306
306
288
322
284
312
284
276
294
267
293
290
278
288
335
305
315
296
295
288
298
292
320
264
280
332
307
311
291
287
313
314
291
274
303
318
288
292
282
316
282
314
286
283
283
300
301
330
290
290
290
344
325
327
250
304
313
307
312
326
314
299
302
309
282
307
289
304
286
284
317
278
312
321
290
283
278
286
311
310
326
308
277
298
305
308
320
289
319
293
309
327
311
304
297
304
271
298
296
271
322
313
279
293
301
301
284
316
290
308
314
284
333
279
334
290
315
282
286
303
294
302
301
309
282
291
282
288
272
296
301
292
265
266
292
307
275
300
333
308
301
298
309
309
329
300
343
297
311
317
297
313
305
300
267
269
318
298
273
316
286
293
305
274
276
288
289
310
308
259
289
284
324
294
286
322
276
299
279
318
264
307
297
297
299
283
305
304
265
307
284
279
308
279
286
309
249
329
316
326
269
310
291
263
324
295
320
325
319
325
307
297
299
337
309
281
280
275
310
252
287
304
280
267
304
270
285
278
287
296
277
308
303
270
294
291
292
294
300
320
337
312
348
316
263
264
273
287
292
278
308
295
282
307
311
301
292
294
325
303
311
340
282
310
285
329
300
281
290
286
296
300
319
325
293
296
286
304
311
312
287
301
279
288
294
308
284
288
301
301
288
355
303
287
295
296
319
305
307
303
302
311
312
320
300
308
308
304
262
288
268
338
303
325
314
297
286
312
284
308
327
272
283
314
314
318
332
302
298
290
290
338
317
308
294
312
270
266
315
319
286
287
304
276
307
284
313
269
297
316
315
303
256
311
273
265
299
299
297
315
324
298
321
339
271
255
300
309
277
293
297
268
311
306
305
267
307
309
277
298
289
311
299
341
304
311
317
292
326
301
314
309
285
343
291
282
286
276
289
294
288
296
301
321
292
283
304
284
267
292
330
311
281
321
279
279
314
294
295
335
292
305
310
340
312
263
279
293
307
296
279
272
282
276
298
291
291
307
321
292
303
278
298
256
277
289
296
305
316
338
319
308
364
308
274
268
290
293
270
287
308
305
320
265
296
304
290
315
309
315
319
288
280
306
292
315
298
308
324
284
283
303
302
314
277
262
294
277
264
305
321
288
276
309
286
299
297
287
283
290
293
340
298
316
307
302
318
334
337
301
300
293
312
339
299
273
302
255
286
289
296
286
317
301
318
280
298
296
275
325
305
305
288
321
307
328
308
301
303
297
291
290
324
300
288
311
284
307
291
319
277
295
292
309
306
300
308
314
285
322
292
297
326
336
310
334
323
297
329
309
313
297
310
308
320
318
307
327
321
320
299
316
302
333
315
347
316
303
327
316
321
319
321
324
318
301
303
336
314
331
308
335
325
287
296
291
325
299
331
318
316
296
326
322
333
347
313
337
325
322
336
308
361
278
313
336
325
302
353
357
332
309
274
335
328
312
312
291
326
320
313
315
320
321
323
305
296
328
350
307
319
333
309
302
340
295
308
345
347
350
320
307
336
300
299
322
299
337
293
309
325
315
286
327
286
323
283
314
322
343
294
317
324
308
335
319
315
323
343
281
277
309
322
335
328
303
306
301
286
282
305
333
287
322
346
317
289
319
298
327
315
309
315
321
313
297
343
305
345
299
344
313
307
318
351
322
294
299
316
327
307
318
309
331
329
314
318
288
268
366
329
338
331
342
314
329
317
334
331
289
333
302
316
334
325
283
315
316
332
287
325
334
327
323
282
321
308
339
344
331
340
328
347
329
310
345
307
283
320
312
347
345
314
313
291
278
304
299
304
337
316
292
317
317
333
301
300
334
320
323
352
305
304
354
325
336
345
346
327
346
354
309
299
312
306
299
348
292
313
317
328
345
328
353
302
332
328
310
336
312
367
325
319
330
319
332
314
348
312
331
346
330
322
313
295
307
313
305
323
300
326
322
297
294
288
312
348
307
323
325
281
304
316
319
311
346
324
320
327
303
312
337
318
352
314
289
324
300
307
334
339
306
321
290
297
330
306
317
331
329
322
317
346
320
317
287
323
328
334
295
331
350
310
325
308
302
327
308
302
311
309
302
321
363
317
321
309
288
309
324
337
321
342
300
318
338
308
340
351
315
292
284
350
329
306
309
319
320
340
324
343
314
318
288
307
296
330
321
308
334
330
330
383
315
309
324
317
311
308
320
311
314
321
320
301
297
301
307
301
291
300
339
309
351
320
351
293
316
331
332
317
322
332
341
336
381
338
343
332
307
332
330
332
310
269
303
257
285
349
331
328
308
319
339
323
315
335
314
315
334
327
276
284
319
353
323
313
337
333
314
331
344
328
311
304
300
322
309
284
277
299
326
285
318
296
290
342
355
347
341
286
278
331
329
297
306
356
299
317
327
336
335
318
349
300
298
305
315
287
307
294
298
342
333
302
311
348
292
307
331
290
281
328
341
323
331
343
299
340
324
325
341
326
381
330
325
298
268
304
344
290
316
343
293
324
291
329
322
329
302
295
333
320
315
309
347
322
331
307
311
336
333
294
329
310
315
264
331
289
304
296
297
313
318
319
306
308
306
307
328
334
307
315
321
336
336
280
329
324
335
316
347
306
339
325
300
336
292
310
304
310
342
308
291
321
299
309
329
300
315
328
315
316
309
349
325
301
315
334
311
332
327
318
344
312
309
322
313
301
309
295
352
316
289
293
293
327
315
330
340
311
345
297
322
294
345
357
353
331
360
331
321
332
363
304
291
321
311
314
302
322
337
336
324
308
302
309
273
329
342
307
372
311
347
344
331
334
316
288
342
310
351
352
326
329
340
295
282
302
289
296
325
323
321
305
327
323
308
281
301
303
325
313
305
315
315
287
329
332
325
328
312
337
331
312
331
318
269
306
311
314
317
311
296
324
308
306
295
317
323
298
329
316
303
312
361
332
316
339
355
313
299
334
349
347
302
306
294
302
345
326
295
332
293
326
333
286
313
280
350
299
318
338
342
333
345
287
321
354
324
317
346
349
353
317
332
327
339
343
321
305
324
305
300
345
272
310
324
310
315
317
305
312
297
361
310
303
316
344
335
318
332
346
328
309
330
310
294
308
334
313
320
297
332
305
339
321
292
300
327
309
341
301
326
316
312
299
364
317
328
358
310
356
325
303
347
311
326
302
287
308
297
305
308
292
313
317
310
292
306
310
288
323
293
341
327
340
336
317
356
343
342
373
327
288
315
324
314
330
340
313
305
315
323
268
305
316
294
298
347
307
311
299
279
327
298
325
324
352
329
322
321
381
337
280
322
342
337
323
297
297
315
304
307
307
315
312
308
333
318
306
292
305
295
341
294
349
332
331
338
320
297
342
342
)
;

boundaryField
{
    FLOW
    {
        type            zeroGradient;
    }
    WALL
    {
        type            zeroGradient;
    }
    frontAndBack
    {
        type            empty;
    }
}


// ************************************************************************* //
