/*--------------------------------*- C++ -*----------------------------------*\
  =========                 |
  \\      /  F ield         | OpenFOAM: The Open Source CFD Toolbox
   \\    /   O peration     | Website:  https://openfoam.org
    \\  /    A nd           | Version:  6
     \\/     M anipulation  |
\*---------------------------------------------------------------------------*/
FoamFile
{
    version     2.0;
    format      ascii;
    class       volScalarField;
    location    "20.5";
    object      dsmcSigmaTcRMax;
}
// * * * * * * * * * * * * * * * * * * * * * * * * * * * * * * * * * * * * * //

dimensions      [0 3 -1 0 0 0 0];

internalField   nonuniform List<scalar> 
3600
(
4.514080456e-16
4.594900054e-16
4.480872901e-16
4.48847825e-16
4.484146021e-16
4.545600011e-16
4.483060434e-16
4.692870767e-16
4.642045166e-16
4.514762645e-16
4.387007449e-16
4.555960898e-16
4.517642077e-16
4.478993182e-16
4.50330638e-16
4.546130552e-16
4.473743831e-16
4.545391242e-16
4.404172977e-16
4.510330883e-16
4.492836333e-16
4.593888281e-16
4.497104085e-16
4.421358312e-16
4.704977408e-16
4.416880413e-16
4.535134221e-16
4.49308388e-16
4.399431021e-16
4.699804623e-16
4.70573297e-16
4.504228853e-16
4.565303744e-16
4.44006396e-16
4.694966758e-16
4.417759341e-16
4.369162267e-16
4.379521194e-16
4.559058506e-16
4.424962601e-16
4.455662774e-16
4.589212628e-16
4.424202647e-16
4.411560641e-16
4.669553687e-16
4.591850896e-16
4.474792949e-16
4.524267728e-16
4.559254858e-16
4.577332315e-16
4.494373998e-16
4.485189451e-16
4.573077997e-16
4.498977775e-16
4.517457233e-16
4.666687211e-16
4.451169117e-16
4.585624969e-16
4.5243735e-16
4.560075384e-16
4.473641203e-16
4.569289182e-16
4.565901473e-16
4.61012804e-16
4.43652074e-16
4.471485566e-16
4.578079692e-16
4.486316399e-16
4.403410286e-16
4.500910829e-16
4.485064481e-16
4.55104166e-16
4.550196017e-16
4.590104646e-16
4.730348258e-16
4.514456008e-16
4.388532375e-16
4.555148057e-16
4.472312463e-16
4.722202177e-16
4.628085427e-16
4.502666913e-16
4.453443979e-16
4.795772183e-16
4.517510622e-16
4.477207173e-16
4.555812687e-16
4.552958037e-16
4.47141732e-16
4.407864646e-16
4.438346304e-16
4.365488683e-16
4.424920438e-16
4.567192068e-16
4.564580994e-16
4.536635619e-16
4.5997979e-16
4.520560607e-16
4.453500481e-16
4.536358108e-16
4.495931503e-16
4.590650115e-16
4.386893547e-16
4.470835517e-16
4.423565341e-16
4.481398098e-16
4.613457138e-16
4.519832619e-16
4.554031713e-16
4.569438119e-16
4.670481862e-16
4.699801483e-16
4.571453608e-16
4.634562928e-16
4.570129305e-16
4.617374933e-16
4.568218363e-16
4.552430158e-16
4.674494015e-16
4.515656042e-16
4.436522568e-16
4.533084891e-16
4.520695067e-16
4.643730266e-16
4.391313406e-16
4.551107582e-16
4.592351664e-16
4.417633767e-16
4.470748634e-16
4.639466958e-16
4.551176322e-16
4.60106946e-16
4.811411589e-16
4.540897773e-16
4.637214145e-16
4.665369174e-16
4.528560353e-16
4.493899047e-16
4.411857236e-16
4.639058331e-16
4.443195894e-16
4.809073948e-16
4.463331063e-16
4.692610891e-16
4.416147369e-16
4.561013244e-16
4.487939261e-16
4.449908787e-16
4.42795316e-16
4.490416392e-16
4.345353918e-16
4.663668449e-16
4.405521982e-16
4.455117822e-16
4.495073696e-16
4.641617508e-16
4.617004627e-16
4.57233712e-16
4.532931635e-16
4.610024891e-16
4.521949697e-16
4.686676035e-16
4.472955073e-16
4.645618099e-16
4.636889637e-16
4.55747522e-16
4.46619802e-16
4.450880154e-16
4.442626559e-16
4.48482801e-16
4.447445968e-16
4.454422787e-16
4.596698087e-16
4.534589313e-16
4.654362448e-16
4.431848278e-16
4.542460766e-16
4.478069616e-16
4.450956488e-16
4.561808527e-16
4.500951076e-16
4.555823461e-16
4.596672315e-16
4.613657859e-16
4.49685081e-16
4.539600259e-16
4.563717058e-16
4.611590655e-16
4.512826324e-16
4.480262034e-16
4.564922263e-16
4.459740181e-16
4.456147912e-16
4.464284895e-16
4.451259545e-16
4.698981651e-16
4.55814255e-16
4.644609986e-16
4.486092769e-16
4.725030678e-16
4.490688909e-16
4.580869205e-16
4.38989809e-16
4.506062765e-16
4.514663974e-16
4.756369384e-16
4.613913361e-16
4.513599779e-16
4.58824075e-16
4.472979576e-16
4.497920805e-16
4.813726018e-16
4.411659981e-16
4.453961367e-16
4.583002843e-16
4.684846526e-16
4.573957093e-16
4.604231562e-16
4.50290389e-16
4.424733579e-16
4.500383758e-16
4.849068711e-16
4.536917769e-16
4.601736254e-16
4.510841579e-16
4.479101663e-16
4.675703333e-16
4.562458748e-16
4.431485222e-16
4.339032586e-16
4.448583977e-16
4.485048107e-16
4.694044885e-16
4.492403112e-16
4.464433351e-16
4.524694641e-16
4.397145739e-16
4.497107216e-16
4.47757966e-16
4.614816818e-16
4.736397306e-16
4.482356241e-16
4.454500526e-16
4.658192263e-16
4.488475089e-16
4.477881557e-16
4.522301862e-16
4.671890101e-16
4.630352976e-16
4.498304323e-16
4.596596418e-16
4.570014669e-16
4.488534781e-16
4.521273467e-16
4.423539445e-16
4.451682912e-16
4.414829573e-16
4.540871288e-16
4.492888449e-16
4.646300544e-16
4.538492259e-16
4.747399087e-16
4.456777188e-16
4.416777423e-16
4.429229543e-16
4.584795082e-16
4.538869463e-16
4.554942186e-16
4.580117395e-16
4.497936161e-16
4.546737149e-16
4.505471252e-16
4.689448417e-16
4.498488329e-16
4.6564933e-16
4.528533076e-16
4.588755604e-16
4.552353821e-16
4.515152085e-16
4.590541196e-16
4.549888351e-16
4.663415105e-16
4.824943045e-16
4.472904602e-16
4.40704403e-16
4.54575073e-16
4.609782214e-16
4.469055962e-16
4.490850817e-16
4.594420255e-16
4.422049098e-16
4.456468185e-16
4.493879099e-16
4.69964996e-16
4.532190254e-16
4.597984918e-16
4.56711148e-16
4.824778143e-16
4.533625419e-16
4.608440035e-16
4.496370555e-16
4.503791167e-16
4.527280268e-16
4.505214107e-16
4.773193518e-16
4.687422435e-16
4.527705776e-16
4.368485686e-16
4.350789051e-16
4.616641737e-16
4.396532155e-16
4.474610686e-16
4.606710632e-16
4.393404773e-16
4.420995736e-16
4.784846591e-16
4.406209374e-16
4.501622291e-16
4.422011858e-16
4.477685083e-16
4.533922917e-16
4.748009885e-16
4.677123081e-16
4.75942645e-16
4.588930723e-16
4.546887472e-16
4.638964339e-16
4.531875676e-16
4.626092527e-16
4.505289452e-16
4.491601881e-16
4.580689912e-16
4.588884084e-16
4.487369921e-16
4.583740014e-16
4.457991029e-16
4.599778514e-16
4.4409275e-16
4.599140593e-16
4.799662864e-16
4.519871305e-16
4.628524809e-16
4.514766386e-16
4.676341084e-16
4.567073935e-16
4.582536584e-16
4.547106472e-16
4.558674206e-16
4.505476112e-16
4.656216735e-16
4.529824047e-16
4.504647311e-16
4.534841169e-16
4.575505614e-16
4.762011515e-16
4.505302236e-16
4.802103585e-16
4.528525424e-16
4.517392854e-16
4.485270987e-16
4.419762288e-16
4.546835076e-16
4.569586736e-16
4.506266226e-16
4.596054945e-16
4.54304391e-16
4.512184599e-16
4.439018169e-16
4.793468322e-16
4.381100047e-16
4.593778841e-16
4.446386675e-16
4.556171894e-16
4.452713418e-16
4.59322343e-16
4.527732896e-16
4.418665891e-16
4.572413329e-16
4.548139079e-16
4.491414969e-16
4.430169312e-16
4.549590817e-16
4.667574835e-16
4.70664995e-16
4.5552155e-16
4.824705943e-16
4.360300616e-16
4.56084734e-16
4.716474376e-16
4.491457491e-16
4.512681291e-16
4.575024585e-16
4.525755595e-16
4.622299605e-16
4.370057704e-16
4.603579682e-16
4.512005771e-16
4.475705447e-16
4.581266558e-16
4.436655484e-16
4.572533245e-16
4.63734774e-16
4.403547588e-16
4.524271523e-16
4.50937193e-16
4.576086758e-16
4.510576903e-16
4.418846571e-16
4.648313662e-16
4.490019549e-16
4.558911968e-16
4.59231986e-16
4.590015066e-16
4.495637593e-16
4.441639162e-16
4.736152436e-16
4.586418934e-16
4.560659871e-16
4.332365802e-16
4.643505511e-16
4.47609962e-16
4.520213461e-16
4.611165195e-16
4.568111135e-16
4.504515074e-16
4.512594028e-16
4.640168228e-16
4.549451228e-16
4.500513108e-16
4.381108138e-16
4.60583485e-16
4.505144231e-16
4.57594104e-16
4.693031959e-16
4.572906721e-16
4.473633013e-16
4.420931804e-16
4.522648174e-16
4.560372685e-16
4.759285154e-16
4.630630749e-16
4.743729552e-16
4.641468435e-16
4.524864978e-16
4.434114647e-16
4.40529408e-16
4.673502068e-16
4.738152475e-16
4.607148228e-16
4.57256301e-16
4.513297735e-16
4.489448859e-16
4.666380487e-16
4.530954188e-16
4.376537493e-16
4.549285451e-16
4.81574129e-16
4.486335011e-16
4.738467284e-16
4.603084399e-16
4.477461562e-16
4.552680005e-16
4.606364682e-16
4.511843294e-16
4.427365249e-16
4.408131678e-16
4.713131874e-16
4.506944139e-16
4.708807026e-16
4.46607976e-16
4.627038444e-16
4.594670658e-16
4.435150906e-16
4.516953554e-16
4.425194564e-16
4.551042774e-16
4.567827504e-16
4.514235334e-16
4.431200089e-16
4.582744592e-16
4.463589178e-16
4.373180214e-16
4.535603769e-16
4.507184335e-16
4.411254667e-16
4.573730218e-16
4.614470102e-16
4.50181753e-16
4.493938047e-16
4.502970829e-16
4.654630434e-16
4.611901147e-16
4.451220505e-16
4.576622197e-16
4.54818968e-16
4.543877239e-16
4.440637059e-16
4.611572143e-16
4.463809791e-16
4.411515443e-16
4.562413838e-16
4.454975432e-16
4.580092289e-16
4.43887021e-16
4.552851005e-16
4.573989184e-16
4.646940068e-16
4.61026789e-16
4.593992702e-16
4.566981197e-16
4.550280259e-16
4.560835568e-16
4.567051162e-16
4.524578652e-16
4.548173864e-16
4.454029483e-16
4.582892367e-16
4.633167598e-16
4.557341637e-16
4.436069198e-16
4.654113292e-16
4.521534499e-16
4.521895323e-16
4.525599782e-16
4.454680659e-16
4.467816572e-16
4.461207323e-16
4.608976979e-16
4.436294496e-16
4.535007518e-16
4.76904958e-16
4.409140321e-16
4.409189699e-16
4.50746322e-16
4.515263068e-16
4.637190873e-16
4.588235709e-16
4.490954116e-16
4.466009853e-16
4.536290679e-16
4.535294607e-16
4.4868058e-16
4.778630842e-16
4.559364724e-16
4.584836972e-16
4.801935789e-16
4.519430539e-16
4.507528123e-16
4.494631303e-16
4.497314585e-16
4.59799676e-16
4.442270895e-16
4.625717063e-16
4.608263008e-16
4.676645435e-16
4.555941896e-16
4.651419907e-16
4.574240614e-16
4.506609548e-16
4.516092804e-16
4.462932591e-16
4.421818123e-16
4.611418543e-16
4.43353646e-16
4.447973751e-16
4.585708639e-16
4.474537852e-16
4.436786612e-16
4.57789795e-16
4.583500654e-16
4.416253846e-16
4.473786042e-16
4.740587923e-16
4.539428094e-16
4.607200132e-16
4.547266062e-16
4.480716828e-16
4.463811248e-16
4.483776648e-16
4.427342972e-16
4.480174928e-16
4.446029672e-16
4.7195994e-16
4.459017167e-16
4.562956064e-16
4.492544133e-16
4.49350932e-16
4.503943129e-16
4.467000773e-16
4.709648926e-16
4.856350357e-16
4.549572789e-16
4.438945063e-16
4.563715636e-16
4.520583503e-16
4.56206264e-16
4.480850069e-16
4.617431751e-16
4.743208006e-16
4.628161273e-16
4.411265125e-16
4.4949658e-16
4.625664006e-16
4.512254959e-16
4.546503659e-16
4.608897668e-16
4.534577238e-16
4.570184948e-16
4.669278601e-16
4.664466616e-16
4.538697267e-16
4.547848848e-16
4.482132565e-16
4.543307823e-16
4.477400437e-16
4.579313945e-16
4.641551283e-16
4.52074687e-16
4.488764614e-16
4.450172415e-16
4.398750719e-16
4.461655875e-16
4.51107085e-16
4.490904654e-16
4.463591485e-16
4.519181267e-16
4.479586734e-16
4.506394214e-16
4.382417401e-16
4.579008044e-16
4.576862068e-16
4.463132964e-16
4.445416168e-16
4.423492023e-16
4.574892213e-16
4.514456297e-16
4.624535779e-16
4.450703667e-16
4.568947193e-16
4.397667198e-16
4.465896928e-16
4.609351618e-16
4.741997804e-16
4.669160743e-16
4.549777775e-16
4.532585251e-16
4.555620619e-16
4.566082681e-16
4.559866406e-16
4.494750051e-16
4.5910424e-16
4.848738952e-16
4.425300036e-16
4.497700118e-16
4.656278036e-16
4.437742967e-16
4.541034103e-16
4.452958275e-16
4.557249205e-16
4.572579406e-16
4.633296055e-16
4.500794102e-16
4.495318278e-16
4.417417742e-16
4.443697964e-16
4.451389257e-16
4.442148623e-16
4.500709702e-16
4.58393196e-16
4.592895796e-16
4.631546508e-16
4.562700482e-16
4.513185687e-16
4.527298479e-16
4.512241173e-16
4.476341008e-16
4.742328708e-16
4.594303682e-16
4.568053869e-16
4.55651629e-16
4.526698735e-16
4.58822311e-16
4.651498105e-16
4.402722428e-16
4.556952618e-16
4.456551295e-16
4.575019957e-16
4.751254846e-16
4.633471331e-16
4.482091369e-16
4.474273171e-16
4.520229737e-16
4.486402923e-16
4.712651374e-16
4.467605216e-16
4.520849617e-16
4.629904474e-16
4.410731832e-16
4.451160813e-16
4.491875927e-16
4.536817714e-16
4.459475168e-16
4.598264191e-16
4.40643952e-16
4.576356815e-16
4.528210765e-16
4.499702918e-16
4.696590155e-16
4.729051415e-16
4.619079144e-16
4.422763648e-16
4.497177777e-16
4.329340506e-16
4.653509062e-16
4.452786707e-16
4.547643987e-16
4.494545844e-16
4.50027493e-16
4.583456566e-16
4.674099964e-16
4.608779226e-16
4.534148879e-16
4.476764117e-16
4.537441765e-16
4.541237981e-16
4.679129698e-16
4.550460809e-16
4.579731439e-16
4.504529838e-16
4.52890374e-16
4.608748063e-16
4.504175051e-16
4.532005429e-16
4.724056993e-16
4.5103905e-16
4.695861935e-16
4.725775187e-16
4.547708775e-16
4.451692613e-16
4.606999838e-16
4.503908963e-16
4.573374089e-16
4.464994095e-16
4.452057524e-16
4.483203037e-16
4.45253084e-16
4.669253913e-16
4.662862059e-16
4.50148884e-16
4.554650627e-16
4.500140312e-16
4.366399089e-16
4.468169745e-16
4.458238592e-16
4.59943219e-16
4.640817285e-16
4.558981624e-16
4.498616916e-16
4.723541133e-16
4.607118007e-16
4.55595568e-16
4.595410168e-16
4.436457733e-16
4.504677737e-16
4.392202424e-16
4.565385931e-16
4.675491985e-16
4.480963859e-16
4.566310031e-16
4.879748473e-16
4.438431601e-16
4.551435921e-16
4.60293745e-16
4.708446052e-16
4.702088105e-16
4.562513017e-16
4.572831326e-16
4.574581978e-16
4.855268935e-16
4.48830859e-16
4.425846199e-16
4.493370022e-16
4.519037822e-16
4.469380449e-16
4.625364231e-16
4.516547449e-16
4.419070026e-16
4.478640049e-16
4.569518173e-16
4.464110866e-16
4.550154973e-16
4.659134279e-16
4.600057557e-16
4.393873468e-16
4.442399041e-16
4.437315654e-16
4.418609006e-16
4.511426009e-16
4.766142206e-16
4.534751486e-16
4.817021644e-16
4.373793459e-16
4.603857012e-16
4.480239592e-16
4.438052122e-16
4.623353373e-16
4.470870905e-16
4.538679364e-16
4.496132838e-16
4.551618403e-16
4.624768279e-16
4.563179062e-16
4.580483855e-16
4.727174175e-16
4.533405957e-16
4.682185153e-16
4.529357974e-16
4.560574761e-16
4.485282801e-16
4.337282828e-16
4.448035816e-16
4.80787045e-16
4.49206518e-16
4.493030614e-16
4.38832427e-16
4.540448163e-16
4.482059571e-16
4.485191187e-16
4.710844447e-16
4.469276003e-16
4.364383952e-16
4.649637468e-16
4.52850544e-16
4.553663699e-16
4.362160445e-16
4.455817433e-16
4.585828319e-16
4.528493502e-16
4.532338586e-16
4.472458355e-16
4.521227737e-16
4.46655546e-16
4.561003434e-16
4.488413615e-16
4.585861396e-16
4.451941944e-16
4.445142366e-16
4.616309734e-16
4.558112601e-16
4.408118257e-16
4.556829628e-16
4.609962422e-16
4.56628301e-16
4.463367542e-16
4.62152952e-16
4.48545755e-16
4.456055225e-16
4.543335385e-16
4.598081711e-16
4.419203736e-16
4.457593874e-16
4.65087863e-16
4.49474512e-16
4.559898122e-16
4.611995507e-16
4.62459185e-16
4.467099852e-16
4.645356505e-16
4.513975615e-16
4.51789916e-16
4.500655538e-16
4.603947045e-16
4.456995223e-16
4.484004609e-16
4.497601003e-16
4.422381189e-16
4.415095576e-16
4.583478854e-16
4.355829628e-16
4.542413937e-16
4.472355149e-16
4.470288292e-16
4.496254863e-16
4.423543839e-16
4.710586289e-16
4.600669917e-16
4.421733103e-16
4.472656951e-16
4.398326244e-16
4.503554762e-16
4.710414502e-16
4.660297855e-16
4.530285841e-16
4.418717249e-16
4.578277885e-16
4.539724018e-16
4.515634214e-16
4.416819222e-16
4.748046558e-16
4.499231862e-16
4.584271624e-16
4.46366861e-16
4.452542203e-16
4.600395491e-16
4.539730091e-16
4.663930801e-16
4.491206972e-16
4.710579413e-16
4.573212804e-16
4.610199792e-16
4.598979363e-16
4.487342003e-16
4.547610306e-16
4.372005935e-16
4.487907744e-16
4.736824511e-16
4.466571907e-16
4.464715536e-16
4.537012197e-16
4.60837114e-16
4.589308109e-16
4.761452175e-16
4.829424568e-16
4.636794485e-16
4.600092377e-16
4.499775627e-16
4.406337419e-16
4.429996201e-16
4.550745776e-16
4.840626384e-16
4.594982198e-16
4.507096005e-16
4.72354051e-16
4.618249881e-16
4.447360206e-16
4.616520872e-16
4.499363394e-16
4.457238824e-16
4.447173191e-16
4.443291699e-16
4.713884569e-16
4.557991076e-16
4.435922003e-16
4.511082168e-16
4.614002596e-16
4.630904824e-16
4.544719642e-16
4.692246376e-16
4.411130684e-16
4.473698553e-16
4.594284776e-16
4.771927737e-16
4.590312805e-16
4.538704855e-16
4.529175612e-16
4.813240445e-16
4.616701662e-16
4.5185541e-16
4.498137068e-16
4.520662994e-16
4.543784844e-16
4.470520897e-16
4.507652095e-16
4.584106291e-16
4.448177991e-16
4.455839066e-16
4.703990332e-16
4.646887424e-16
4.529263198e-16
4.695028693e-16
4.474330912e-16
4.400521777e-16
4.535302477e-16
4.438688859e-16
4.684254771e-16
4.47622069e-16
4.540151133e-16
4.553017232e-16
4.584385237e-16
4.829814197e-16
4.760637976e-16
4.484171031e-16
4.511481243e-16
4.465027866e-16
4.504889418e-16
4.604511503e-16
4.548054255e-16
4.499649469e-16
4.404331649e-16
4.571144137e-16
4.570969443e-16
4.570651163e-16
4.469924378e-16
4.623603601e-16
4.517857335e-16
4.617310347e-16
4.515994395e-16
4.690213129e-16
4.658941639e-16
4.580978998e-16
4.490392326e-16
4.855882049e-16
4.519558875e-16
4.373949692e-16
4.716222201e-16
4.426794596e-16
4.59586793e-16
4.610627989e-16
4.689541559e-16
4.468470313e-16
4.581893938e-16
4.622168412e-16
4.644040266e-16
4.432715892e-16
4.436925498e-16
4.682484844e-16
4.648857601e-16
4.551819887e-16
4.659622878e-16
4.428336464e-16
4.478854746e-16
4.771282783e-16
4.427222145e-16
4.534611175e-16
4.605436946e-16
4.719352994e-16
4.807812996e-16
4.585267731e-16
4.606522902e-16
4.521419254e-16
4.566665414e-16
4.571116993e-16
4.413749377e-16
4.445480158e-16
4.454421981e-16
4.537244789e-16
4.483063599e-16
4.592869617e-16
4.779764675e-16
4.496155965e-16
4.526086389e-16
4.666890084e-16
4.832183314e-16
4.54716648e-16
4.438439523e-16
4.494968803e-16
4.462445174e-16
4.526213841e-16
4.51397497e-16
4.501039307e-16
4.602912547e-16
4.469380642e-16
4.709138794e-16
4.596168233e-16
4.718851555e-16
4.579422856e-16
4.430830001e-16
4.47232115e-16
4.713971221e-16
4.644077016e-16
4.741079992e-16
4.516461429e-16
4.608316346e-16
4.588370851e-16
4.714415267e-16
4.448575488e-16
4.481279613e-16
4.526357236e-16
4.805672025e-16
4.486556768e-16
4.541982279e-16
4.512279277e-16
4.405552955e-16
4.635117373e-16
4.449215497e-16
4.5442171e-16
4.609481151e-16
4.72871012e-16
4.602005418e-16
4.697923519e-16
4.412748608e-16
4.459686098e-16
4.606300365e-16
4.498172744e-16
4.617661897e-16
4.522806425e-16
4.734821591e-16
4.547116903e-16
4.551325415e-16
4.622091953e-16
4.634249072e-16
4.48688547e-16
4.477709825e-16
4.498117599e-16
4.47263267e-16
4.460863004e-16
4.529661398e-16
4.569546935e-16
4.476968827e-16
4.689992026e-16
4.639179146e-16
4.696864309e-16
4.562458974e-16
4.531111554e-16
4.4323722e-16
4.493753392e-16
4.495997855e-16
4.732345613e-16
4.611546145e-16
4.527410908e-16
4.750953721e-16
4.51345896e-16
4.504204559e-16
4.626679847e-16
4.586649988e-16
4.677937329e-16
4.622071032e-16
4.383403608e-16
4.476192363e-16
4.552492279e-16
4.452273223e-16
4.519410553e-16
4.686121204e-16
4.461828792e-16
4.526305792e-16
4.58289043e-16
4.391123481e-16
4.743010268e-16
4.666699976e-16
4.627400117e-16
4.499243883e-16
4.608277002e-16
4.575020704e-16
4.618137501e-16
4.59756508e-16
4.46942171e-16
4.495627554e-16
4.535249534e-16
4.675030674e-16
4.45174545e-16
4.671666967e-16
4.428846778e-16
4.639980588e-16
4.399259715e-16
4.44455136e-16
4.725529106e-16
4.422038222e-16
4.471732984e-16
4.460817513e-16
4.601352398e-16
4.462596992e-16
4.480002001e-16
4.419784688e-16
4.559732237e-16
4.604399798e-16
4.556267404e-16
4.654003994e-16
4.474600975e-16
4.51369264e-16
4.45231582e-16
4.470884112e-16
4.63502425e-16
4.405908953e-16
4.449096863e-16
4.458084934e-16
4.608281987e-16
4.445674334e-16
4.57254738e-16
4.523331238e-16
4.498541773e-16
4.448471463e-16
4.594043708e-16
4.634285202e-16
4.686527061e-16
4.682646555e-16
4.728772738e-16
4.554272933e-16
4.462997337e-16
4.544627661e-16
4.545674132e-16
4.504269735e-16
4.483519236e-16
4.513010348e-16
4.486769131e-16
4.644369546e-16
4.561944357e-16
4.559196017e-16
4.514671368e-16
4.639381761e-16
4.419146402e-16
4.76680234e-16
4.495507318e-16
4.547631561e-16
4.582972772e-16
4.460389719e-16
4.484537966e-16
4.683373031e-16
4.513521904e-16
4.469601027e-16
4.559717855e-16
4.466528865e-16
4.433845464e-16
4.637702361e-16
4.343530868e-16
4.534074407e-16
4.496784719e-16
4.486534435e-16
4.580527916e-16
4.510047737e-16
4.533561384e-16
4.509414601e-16
4.409340801e-16
4.771759665e-16
4.714466628e-16
4.41209828e-16
4.595084801e-16
4.555850958e-16
4.449751599e-16
4.583560004e-16
4.532199642e-16
4.534851146e-16
4.637775934e-16
4.476619393e-16
4.749910607e-16
4.400020459e-16
4.636345655e-16
4.502329771e-16
4.590333863e-16
4.519245324e-16
4.647823821e-16
4.612438934e-16
4.430682662e-16
4.474191595e-16
4.431866641e-16
4.529235243e-16
4.471592633e-16
4.407943318e-16
4.599976204e-16
4.766853243e-16
4.566250072e-16
4.510732532e-16
4.671245628e-16
4.697827677e-16
4.638411715e-16
4.705878156e-16
4.531720703e-16
4.529288716e-16
4.587628845e-16
4.577051178e-16
4.625276975e-16
4.637173905e-16
4.449853824e-16
4.410726657e-16
4.526990109e-16
4.477756693e-16
4.495567132e-16
4.553924776e-16
4.405949088e-16
4.551438405e-16
4.392433621e-16
4.694402169e-16
4.483458495e-16
4.571295755e-16
4.545260807e-16
4.452759935e-16
4.664606232e-16
4.572025208e-16
4.483492392e-16
4.540887249e-16
4.588783663e-16
4.468505874e-16
4.472018184e-16
4.503907689e-16
4.619544441e-16
4.480109851e-16
4.468450997e-16
4.513421568e-16
4.436506973e-16
4.504147046e-16
4.50473113e-16
4.879764886e-16
4.581973536e-16
4.543213962e-16
4.576715847e-16
4.518979383e-16
4.644762458e-16
4.526788942e-16
4.770965438e-16
4.49728158e-16
4.471786876e-16
4.627646928e-16
4.377455909e-16
4.61258105e-16
4.461371959e-16
4.554183325e-16
4.64230717e-16
4.412474212e-16
4.447792086e-16
4.518881379e-16
4.491447879e-16
4.569723196e-16
4.610052115e-16
4.54262404e-16
4.522394299e-16
4.494088905e-16
4.40664081e-16
4.613222179e-16
4.467409246e-16
4.437156235e-16
4.513833613e-16
4.527210552e-16
4.456631941e-16
4.596264707e-16
4.5718032e-16
4.435669937e-16
4.704798976e-16
4.466994524e-16
4.788878381e-16
4.616162283e-16
4.61454238e-16
4.751624001e-16
4.501951338e-16
4.612214264e-16
4.531637395e-16
4.657920886e-16
4.529474591e-16
4.638990912e-16
4.552158123e-16
4.397938561e-16
4.580183111e-16
4.528018745e-16
4.482031878e-16
4.459099513e-16
4.45120018e-16
4.535467439e-16
4.550395604e-16
4.617704767e-16
4.484834161e-16
4.597757999e-16
4.599804689e-16
4.555985729e-16
4.461473086e-16
4.49443217e-16
4.635354078e-16
4.565134287e-16
4.600214919e-16
4.479774054e-16
4.476965343e-16
4.509880101e-16
4.635336321e-16
4.425087622e-16
4.423455364e-16
4.558228272e-16
4.507993187e-16
4.538523198e-16
4.434637386e-16
4.424249466e-16
4.459015491e-16
4.541721674e-16
4.479184925e-16
4.582415937e-16
4.45137275e-16
4.668124729e-16
4.648640354e-16
4.497363869e-16
4.604218536e-16
4.384392006e-16
4.929138143e-16
4.453230281e-16
4.504770108e-16
4.410478455e-16
4.482100747e-16
4.547239003e-16
4.616980628e-16
4.46926572e-16
4.4806464e-16
4.683900952e-16
4.540155719e-16
4.549724112e-16
4.437003419e-16
4.631987952e-16
4.581105564e-16
4.445785685e-16
4.529871901e-16
4.449453453e-16
4.523063984e-16
4.664067796e-16
4.535367957e-16
4.64797225e-16
4.531089689e-16
4.512346406e-16
4.535458594e-16
4.569212892e-16
4.487981845e-16
4.472446987e-16
4.468601614e-16
4.65652533e-16
4.456042112e-16
4.565937795e-16
4.478830843e-16
4.67705322e-16
4.438103156e-16
4.643954627e-16
4.719865565e-16
4.572298031e-16
4.551715285e-16
4.390031969e-16
4.407867628e-16
4.754444526e-16
4.609661392e-16
4.556007341e-16
4.535069375e-16
4.541029366e-16
4.455146634e-16
4.490061748e-16
4.487393765e-16
4.609439579e-16
4.647875848e-16
4.523840334e-16
4.732628147e-16
4.547513334e-16
4.596315057e-16
4.469444725e-16
4.587754648e-16
4.400929575e-16
4.4968258e-16
4.546269611e-16
4.574042829e-16
4.567007409e-16
4.443227783e-16
4.576926554e-16
4.542759633e-16
4.505801545e-16
4.555528496e-16
4.574974854e-16
4.445664571e-16
4.65511705e-16
4.498428154e-16
4.434168597e-16
4.464307219e-16
4.523092112e-16
4.758682676e-16
4.509554803e-16
4.374278932e-16
4.461499792e-16
4.492183028e-16
4.485432359e-16
4.424473135e-16
4.53642157e-16
4.584788486e-16
4.538248175e-16
4.618571187e-16
4.453262772e-16
4.541066082e-16
4.625352089e-16
4.579874743e-16
4.545758365e-16
4.625202655e-16
4.510211741e-16
4.662790872e-16
4.641174996e-16
4.651397625e-16
4.681914348e-16
4.444758675e-16
4.688460902e-16
4.62586398e-16
4.52759731e-16
4.464548078e-16
4.428915797e-16
4.588889244e-16
4.573929765e-16
4.41178757e-16
4.608240854e-16
4.593082164e-16
4.510497043e-16
4.431115164e-16
4.52698352e-16
4.547508112e-16
4.514200482e-16
4.566844869e-16
4.56238533e-16
4.530175976e-16
4.623726016e-16
4.560666547e-16
4.570524858e-16
4.656278032e-16
4.628452869e-16
4.442545262e-16
4.608173018e-16
4.481104902e-16
4.435121919e-16
4.538189729e-16
4.451771283e-16
4.492532808e-16
4.532801468e-16
4.554210612e-16
4.482140595e-16
4.599401707e-16
4.587106798e-16
4.554109087e-16
4.650733676e-16
4.525593602e-16
4.616840467e-16
4.488609519e-16
4.685335875e-16
4.714852443e-16
4.473198055e-16
4.608391974e-16
4.515667513e-16
4.581861822e-16
4.470332285e-16
4.754301604e-16
4.675942152e-16
4.648833315e-16
4.528947832e-16
4.588153333e-16
4.502353147e-16
4.570416075e-16
4.777475496e-16
4.430529678e-16
4.633556957e-16
4.530151395e-16
4.524105404e-16
4.61752069e-16
4.613097587e-16
4.542446077e-16
4.473823408e-16
4.71110887e-16
4.62036501e-16
4.420712479e-16
4.576442771e-16
4.775379508e-16
4.604567948e-16
4.451628151e-16
4.487288998e-16
4.559841085e-16
4.545791957e-16
4.710064091e-16
4.59751258e-16
4.530337825e-16
4.512231467e-16
4.508781889e-16
4.621029875e-16
4.398025649e-16
4.424075155e-16
4.378780077e-16
4.696895279e-16
4.533625847e-16
4.459717092e-16
4.598668818e-16
4.591108065e-16
4.586918046e-16
4.460362642e-16
4.55633849e-16
4.599381325e-16
4.673707318e-16
4.633853266e-16
4.461753899e-16
4.448264119e-16
4.64021631e-16
4.506189653e-16
4.757958514e-16
4.531084754e-16
4.485103513e-16
4.620262579e-16
4.49417987e-16
4.504593374e-16
4.522778492e-16
4.553780683e-16
4.73936801e-16
4.566946292e-16
4.558289408e-16
4.566033764e-16
4.696559864e-16
4.404891863e-16
4.43361195e-16
4.538212595e-16
4.547051484e-16
4.628461872e-16
4.56322721e-16
4.620568707e-16
4.480159891e-16
4.593679691e-16
4.661458955e-16
4.551778158e-16
4.450659519e-16
4.492459637e-16
4.480760135e-16
4.485047499e-16
4.627244745e-16
4.755823073e-16
4.509903641e-16
4.433807597e-16
4.619988205e-16
4.72263436e-16
4.447004626e-16
4.503989583e-16
4.498487239e-16
4.482628222e-16
4.545228684e-16
4.641293246e-16
4.551473704e-16
4.746180614e-16
4.517343598e-16
4.572484735e-16
4.516979213e-16
4.497109691e-16
4.650645255e-16
4.530851204e-16
4.51603557e-16
4.497529866e-16
4.450155252e-16
4.591093331e-16
4.565845568e-16
4.671564494e-16
4.488340854e-16
4.503283187e-16
4.511553272e-16
4.529086651e-16
4.54948736e-16
4.466337028e-16
4.668266164e-16
4.556237001e-16
4.672625917e-16
4.51499893e-16
4.593240582e-16
4.472925662e-16
4.506952751e-16
4.506737851e-16
4.67987845e-16
4.485886285e-16
4.562078274e-16
4.451198582e-16
4.678381766e-16
4.481913915e-16
4.526761656e-16
4.75133414e-16
4.536707856e-16
4.709887188e-16
4.574797462e-16
4.591366381e-16
4.498495912e-16
4.587456516e-16
4.645223847e-16
4.531420807e-16
4.581461915e-16
4.48010621e-16
4.633992096e-16
4.723325539e-16
4.578357645e-16
4.490800358e-16
4.525006769e-16
4.4608089e-16
4.614007531e-16
4.50769969e-16
4.478647373e-16
4.625224253e-16
4.443764929e-16
4.663362204e-16
4.490713168e-16
4.558026309e-16
4.541505154e-16
4.534167258e-16
4.497403914e-16
4.625293578e-16
4.67961035e-16
4.398932699e-16
4.531923343e-16
4.598357773e-16
4.604958165e-16
4.454618589e-16
4.500095865e-16
4.523744225e-16
4.718240051e-16
4.495402095e-16
4.962070589e-16
4.444091268e-16
4.509319852e-16
4.501692913e-16
4.526557929e-16
4.493100636e-16
4.517462028e-16
4.348561008e-16
4.477441023e-16
4.500809904e-16
4.816689989e-16
4.659462986e-16
4.36693509e-16
4.559811311e-16
4.423996407e-16
4.553399184e-16
4.551638259e-16
4.444857531e-16
4.596744923e-16
4.588427468e-16
4.698221807e-16
4.704914021e-16
4.589210451e-16
4.505605806e-16
4.540086344e-16
4.519565318e-16
4.451097372e-16
4.53791919e-16
4.57196633e-16
4.378030763e-16
4.554916349e-16
4.390932003e-16
4.464995045e-16
4.56336006e-16
4.552507374e-16
4.711420771e-16
4.535627299e-16
4.511217327e-16
4.49319576e-16
4.365084025e-16
4.658644394e-16
4.394264983e-16
4.549273469e-16
4.493914728e-16
4.585323118e-16
4.540632622e-16
4.625728351e-16
4.75201142e-16
4.466554846e-16
4.392966683e-16
4.649023342e-16
4.597603816e-16
4.454318913e-16
4.592867528e-16
4.40219748e-16
4.68713902e-16
4.479211586e-16
4.73820139e-16
4.713049578e-16
4.457529177e-16
4.407224783e-16
4.483555092e-16
4.52079708e-16
4.461431792e-16
4.660533755e-16
4.540543056e-16
4.510022774e-16
4.810610885e-16
4.577664852e-16
4.586815961e-16
4.528899875e-16
4.606846707e-16
4.545453897e-16
4.556759926e-16
4.541350814e-16
4.634173534e-16
4.676329794e-16
4.659223892e-16
4.561802727e-16
4.616131131e-16
4.557551755e-16
4.573474896e-16
4.596426341e-16
4.486861076e-16
4.515729202e-16
4.568082733e-16
4.380219987e-16
4.618601934e-16
4.462630594e-16
4.58808448e-16
4.504327182e-16
4.447490344e-16
4.630674598e-16
4.458474055e-16
4.522328124e-16
4.867108596e-16
4.901252624e-16
4.446882995e-16
4.549876657e-16
4.489974291e-16
4.549777029e-16
4.559577775e-16
4.633805295e-16
4.403760398e-16
4.740482876e-16
4.713268941e-16
4.618206001e-16
4.683630198e-16
4.465683623e-16
4.609235036e-16
4.83445789e-16
4.530603404e-16
4.557976979e-16
4.465633082e-16
4.466598561e-16
4.85423455e-16
4.479180153e-16
4.61121651e-16
4.532879896e-16
4.512595336e-16
4.439295857e-16
4.540600718e-16
4.59582188e-16
4.627503663e-16
4.493682039e-16
4.546540536e-16
4.546499922e-16
4.6183037e-16
4.387791031e-16
4.353712956e-16
4.572578877e-16
4.598912349e-16
4.756704562e-16
4.580270873e-16
4.716269709e-16
4.514513764e-16
4.804100923e-16
4.518049882e-16
4.390360864e-16
4.428532686e-16
4.37068464e-16
4.632830497e-16
4.512333356e-16
4.436061126e-16
4.534807252e-16
4.550451969e-16
4.575616502e-16
4.562388599e-16
4.557517515e-16
4.431372754e-16
4.455858701e-16
4.663747907e-16
4.40449284e-16
4.58030535e-16
4.403245203e-16
4.454159785e-16
4.492465079e-16
4.5183662e-16
4.52571258e-16
4.524269475e-16
4.556835204e-16
4.408285266e-16
4.377953289e-16
4.481437141e-16
4.477658135e-16
4.54211333e-16
4.612062112e-16
4.426347091e-16
4.624955069e-16
4.522354418e-16
4.497135751e-16
4.547036024e-16
4.550532628e-16
4.447747922e-16
4.742588368e-16
4.38789125e-16
4.484151588e-16
4.795115925e-16
4.491597461e-16
4.461930346e-16
4.472603379e-16
4.556574877e-16
4.497503579e-16
4.463210542e-16
4.593918886e-16
4.447833051e-16
4.430469791e-16
4.566202724e-16
4.501489851e-16
4.791968487e-16
4.467314217e-16
4.519097332e-16
4.744916455e-16
4.575703967e-16
4.631519632e-16
4.619022419e-16
4.561713286e-16
4.335718401e-16
4.671756632e-16
4.478992205e-16
4.540483691e-16
4.552630346e-16
4.651033017e-16
4.457576587e-16
4.621503416e-16
4.583021973e-16
4.450278059e-16
4.536673138e-16
4.57318958e-16
4.458133774e-16
4.567124232e-16
4.548549575e-16
4.544896415e-16
4.59655834e-16
4.462212332e-16
4.45763491e-16
4.472067944e-16
4.505368357e-16
4.385600743e-16
4.503953307e-16
4.46956764e-16
4.478710189e-16
4.520392304e-16
4.559968032e-16
4.828183822e-16
4.410373631e-16
4.447616199e-16
4.463941502e-16
4.534783008e-16
4.638828321e-16
4.447098097e-16
4.697810423e-16
4.550094558e-16
4.662612952e-16
4.580495457e-16
4.394284633e-16
4.550256701e-16
4.756255645e-16
4.518195418e-16
4.53767181e-16
4.646232588e-16
4.534999593e-16
4.508636849e-16
4.497404516e-16
4.454574228e-16
4.851580515e-16
4.466740779e-16
4.514993827e-16
4.422513377e-16
4.471385006e-16
4.416310383e-16
4.577430245e-16
4.87079405e-16
4.686111178e-16
4.606827952e-16
4.439631253e-16
4.606932717e-16
4.687889578e-16
4.555731306e-16
4.613217544e-16
4.462319117e-16
4.437005104e-16
4.58230338e-16
4.525921723e-16
4.553094589e-16
4.825063903e-16
4.479051613e-16
4.472683285e-16
4.635003462e-16
4.460897863e-16
4.404467594e-16
4.478541168e-16
4.622193276e-16
4.452263074e-16
4.434784877e-16
4.63577282e-16
4.44713416e-16
4.353539302e-16
4.546121177e-16
4.381410813e-16
4.517113127e-16
4.45917173e-16
4.598131462e-16
4.556269115e-16
4.59345031e-16
4.673922686e-16
4.59414545e-16
4.46592685e-16
4.46096658e-16
4.479530613e-16
4.797168754e-16
4.780608101e-16
4.596367557e-16
4.598281271e-16
4.527533114e-16
4.549620629e-16
4.843054824e-16
4.53981766e-16
4.502434976e-16
4.441511823e-16
4.553486308e-16
4.56375032e-16
4.512935047e-16
4.504851641e-16
4.483158151e-16
4.450480366e-16
4.408262393e-16
4.598650857e-16
4.577611887e-16
4.524973825e-16
4.499550112e-16
4.597919977e-16
4.433109753e-16
4.447299013e-16
4.531672493e-16
4.682103642e-16
4.358593212e-16
4.484689578e-16
4.499977932e-16
4.764016854e-16
4.489994712e-16
4.478349462e-16
4.449371177e-16
4.446692938e-16
4.461998702e-16
4.641221391e-16
4.633782929e-16
4.416159677e-16
4.504963434e-16
4.50122554e-16
4.410671384e-16
4.625385479e-16
4.645945759e-16
4.473073773e-16
4.514301526e-16
4.435693769e-16
4.579953417e-16
4.508931358e-16
4.599513445e-16
4.617610714e-16
4.430437811e-16
4.686038389e-16
4.553168313e-16
4.469570042e-16
4.580843621e-16
4.673047177e-16
4.358353227e-16
4.516730407e-16
4.497210636e-16
4.522994895e-16
4.420301156e-16
4.423999455e-16
4.650747189e-16
4.713796089e-16
4.724706019e-16
4.45556402e-16
4.517225404e-16
4.451610006e-16
4.489041923e-16
4.54540091e-16
4.375915432e-16
4.529667287e-16
4.471855462e-16
4.589217979e-16
4.392801813e-16
4.53193664e-16
4.522348854e-16
4.469092588e-16
4.370914315e-16
4.485334967e-16
4.38402955e-16
4.554483115e-16
4.449606198e-16
4.458118308e-16
4.499464655e-16
4.490633761e-16
4.479427147e-16
4.444658907e-16
4.567390673e-16
4.483822971e-16
4.590044847e-16
4.612212251e-16
4.505605417e-16
4.427772485e-16
4.450808172e-16
4.434421624e-16
4.524310037e-16
4.740621746e-16
4.661157377e-16
4.536758013e-16
4.400790726e-16
4.378607995e-16
4.379912309e-16
4.601069852e-16
4.499372662e-16
4.508092354e-16
4.440354933e-16
4.577078134e-16
4.481051285e-16
4.55473459e-16
4.470359526e-16
4.520282802e-16
4.543012993e-16
4.535181008e-16
4.5675569e-16
4.404276253e-16
4.404958798e-16
4.425592562e-16
4.645286744e-16
4.502790192e-16
4.418561227e-16
4.430273062e-16
4.459028904e-16
4.538338168e-16
4.485206731e-16
4.498775571e-16
4.589523848e-16
4.746807407e-16
4.417834752e-16
4.784203447e-16
4.695003579e-16
4.613732277e-16
4.596001738e-16
4.4789425e-16
4.548860764e-16
4.404446608e-16
4.480783476e-16
4.464228782e-16
4.410098168e-16
4.510800464e-16
4.500457001e-16
4.512692917e-16
4.590294017e-16
4.679624469e-16
4.456338896e-16
4.500151778e-16
4.535718564e-16
4.477909221e-16
4.567675311e-16
4.380541252e-16
4.615582928e-16
4.509880692e-16
4.567186984e-16
4.653350273e-16
4.626804407e-16
4.382262857e-16
4.719433931e-16
4.642026892e-16
4.534045626e-16
4.457252361e-16
4.420662458e-16
4.577429753e-16
4.48336062e-16
4.609134859e-16
4.517463691e-16
4.394315315e-16
4.588099063e-16
4.607795494e-16
4.527045136e-16
4.709104876e-16
4.416427929e-16
4.479376221e-16
4.436227501e-16
4.385368725e-16
4.434176689e-16
4.409089142e-16
4.490581813e-16
4.668662686e-16
4.676795418e-16
4.704652454e-16
4.620763366e-16
4.46714053e-16
4.869148135e-16
4.635663302e-16
4.694372237e-16
4.483987644e-16
4.685467499e-16
4.597665017e-16
4.486002311e-16
4.651342968e-16
4.432264057e-16
4.467417863e-16
4.305870381e-16
4.514981618e-16
4.614103866e-16
4.505817776e-16
4.560765044e-16
4.601326558e-16
4.621608256e-16
4.586259979e-16
4.631867337e-16
4.469131579e-16
4.37939799e-16
4.573754911e-16
4.500184121e-16
4.531599788e-16
4.63985699e-16
4.519623714e-16
4.497800634e-16
4.581944658e-16
4.47858007e-16
4.442749449e-16
4.552382756e-16
4.504511866e-16
4.517333471e-16
4.508757312e-16
4.512665087e-16
4.526908918e-16
4.599784922e-16
4.494796026e-16
4.581990118e-16
4.510623195e-16
4.467904511e-16
4.578936871e-16
4.508699038e-16
4.590305688e-16
4.4504669e-16
4.396021077e-16
4.518982397e-16
4.40245386e-16
4.569215488e-16
4.556122079e-16
4.493804573e-16
4.398341776e-16
4.608824189e-16
4.386537008e-16
4.421872786e-16
4.417903575e-16
4.425946952e-16
4.549513346e-16
4.517376903e-16
4.515787698e-16
4.517407733e-16
4.528228183e-16
4.399773901e-16
4.688695453e-16
4.536518331e-16
4.500293549e-16
4.463404028e-16
4.4701535e-16
4.508224633e-16
4.414938357e-16
4.661605188e-16
4.500546443e-16
4.526248239e-16
4.57817071e-16
4.616487468e-16
4.538660715e-16
4.562460777e-16
4.458237487e-16
4.440575917e-16
4.517521166e-16
4.449407232e-16
4.457842e-16
4.44387625e-16
4.583095097e-16
4.592289295e-16
4.53580854e-16
4.805706885e-16
4.598723286e-16
4.591373431e-16
4.566674661e-16
4.416196567e-16
4.56795122e-16
4.53850732e-16
4.489093787e-16
4.390965862e-16
4.428361079e-16
4.407327631e-16
4.400701757e-16
4.490040228e-16
4.574634959e-16
4.489129892e-16
4.52147165e-16
4.71718193e-16
4.730412937e-16
4.403567804e-16
4.476275766e-16
4.629207625e-16
4.640924752e-16
4.55257951e-16
4.472161034e-16
4.435415443e-16
4.506564121e-16
4.497051131e-16
4.45794004e-16
4.533735925e-16
4.402984604e-16
4.692768706e-16
4.481969532e-16
4.399039986e-16
4.531537337e-16
4.547142293e-16
4.431491793e-16
4.440972486e-16
4.498084017e-16
4.464559648e-16
4.488185686e-16
4.482010256e-16
4.447234164e-16
4.424261326e-16
4.516226217e-16
4.598331051e-16
4.541204294e-16
4.385169249e-16
4.667573621e-16
4.409038424e-16
4.499523108e-16
4.611822214e-16
4.441151527e-16
4.584385871e-16
4.671037853e-16
4.361840465e-16
4.56804011e-16
4.509099169e-16
4.576553242e-16
4.564227405e-16
4.415730952e-16
4.445916196e-16
4.628704632e-16
4.622675907e-16
4.641973443e-16
4.457945344e-16
4.601671781e-16
4.721190728e-16
4.423613605e-16
4.432002866e-16
4.555919225e-16
4.501732774e-16
4.45819987e-16
4.412188691e-16
4.5260338e-16
4.515672475e-16
4.69364619e-16
4.537447817e-16
4.544990878e-16
4.482596134e-16
4.53637546e-16
4.373781163e-16
4.433389992e-16
4.424188998e-16
4.525529402e-16
4.453646389e-16
4.578636282e-16
4.495688201e-16
4.544105013e-16
4.73658292e-16
4.446597194e-16
4.439042697e-16
4.593844239e-16
4.501119485e-16
4.463156847e-16
4.704369492e-16
4.4711981e-16
4.604954578e-16
4.451506877e-16
4.439864627e-16
4.45592103e-16
4.587849505e-16
4.480630587e-16
4.426832319e-16
4.579118346e-16
4.562763393e-16
4.599495246e-16
4.599099807e-16
4.488919543e-16
4.536970319e-16
4.512550769e-16
4.416763066e-16
4.652915938e-16
4.572147669e-16
4.677069933e-16
4.505008388e-16
4.479131782e-16
4.483079294e-16
4.556815683e-16
4.560139045e-16
4.575795493e-16
4.60915216e-16
4.70858087e-16
4.601827407e-16
4.474306441e-16
4.604567184e-16
4.587859847e-16
4.465960099e-16
4.572681879e-16
4.390834411e-16
4.449342989e-16
4.384370523e-16
4.656480861e-16
4.557446551e-16
4.617363448e-16
4.726881907e-16
4.559554382e-16
4.397129364e-16
4.511719525e-16
4.882569263e-16
4.563191222e-16
4.478726718e-16
4.601279387e-16
4.379373927e-16
4.637662192e-16
4.516737744e-16
4.672534304e-16
4.560815968e-16
4.55758838e-16
4.472548241e-16
4.421528435e-16
4.517196951e-16
4.53717348e-16
4.600472207e-16
4.566746319e-16
4.414042611e-16
4.416367699e-16
4.639758779e-16
4.620356481e-16
4.469462651e-16
4.644727021e-16
4.595345457e-16
4.481359363e-16
4.495139458e-16
4.713691482e-16
4.518129757e-16
4.453014461e-16
4.682556083e-16
4.480029034e-16
4.397386213e-16
4.580944452e-16
4.64236571e-16
4.474840874e-16
4.497788229e-16
4.535696852e-16
4.543448042e-16
4.504464216e-16
4.532638848e-16
4.497041425e-16
4.495200373e-16
4.637543493e-16
4.710191172e-16
4.51946188e-16
4.47923448e-16
4.59633951e-16
4.57208488e-16
4.850107204e-16
4.634842983e-16
4.577368734e-16
4.803341867e-16
4.472036064e-16
4.550780046e-16
4.390158089e-16
4.39446137e-16
4.653816936e-16
4.728712963e-16
4.434880735e-16
4.606681736e-16
4.380150778e-16
4.777936986e-16
4.531204457e-16
4.516442585e-16
4.496484829e-16
4.574101823e-16
4.412383088e-16
4.425264553e-16
4.45026481e-16
4.502338705e-16
4.373159906e-16
4.35999519e-16
4.471976175e-16
4.392149164e-16
4.571424123e-16
4.484236286e-16
4.465861288e-16
4.50140025e-16
4.640638455e-16
4.693217457e-16
4.493409452e-16
4.508534416e-16
4.472814215e-16
4.597002153e-16
4.517281472e-16
4.588830551e-16
4.616952075e-16
4.523875525e-16
4.476001983e-16
4.415158798e-16
4.528356159e-16
4.525622472e-16
4.46116255e-16
4.615163996e-16
4.49598142e-16
4.912506284e-16
4.466245622e-16
4.509463134e-16
4.545584074e-16
4.423681748e-16
4.472199947e-16
4.526549247e-16
4.521315143e-16
4.531223466e-16
4.61644984e-16
4.640400144e-16
4.444928838e-16
4.594408124e-16
4.77639911e-16
4.625305705e-16
4.646958273e-16
4.542461889e-16
4.556128184e-16
4.629159913e-16
4.496892728e-16
4.543525622e-16
4.632685884e-16
4.741566033e-16
4.399056553e-16
4.408095924e-16
4.611901033e-16
4.445266578e-16
4.671707567e-16
4.360963673e-16
4.595133245e-16
4.390261455e-16
4.545629238e-16
4.578553972e-16
4.440389e-16
4.594218424e-16
4.53704906e-16
4.429677258e-16
4.652592576e-16
4.635039316e-16
4.511031712e-16
4.356872762e-16
4.481764104e-16
4.720169561e-16
4.571650672e-16
4.599143722e-16
4.41059451e-16
4.75619212e-16
4.694320389e-16
4.748734692e-16
4.640206695e-16
4.609720207e-16
4.449215293e-16
4.472104332e-16
4.476774534e-16
4.396894401e-16
4.512270894e-16
4.631881037e-16
4.497416237e-16
4.376622878e-16
4.558708049e-16
4.456859644e-16
4.477358143e-16
4.48162113e-16
4.511581095e-16
4.554201129e-16
4.472623909e-16
4.562247174e-16
4.444437127e-16
4.834939533e-16
4.579733822e-16
4.648339052e-16
4.642571786e-16
4.432169834e-16
4.524782194e-16
4.517456261e-16
4.693976549e-16
4.503610727e-16
4.590697678e-16
4.583476316e-16
4.666693084e-16
4.609858101e-16
4.661626819e-16
4.72492076e-16
4.522128416e-16
4.734778085e-16
4.624893224e-16
4.695196759e-16
4.564268781e-16
4.627453804e-16
4.351655749e-16
4.640487055e-16
4.487439833e-16
4.591356624e-16
4.433398673e-16
4.494743817e-16
4.566265925e-16
4.550717308e-16
4.54941723e-16
4.613918264e-16
4.450678605e-16
4.661803883e-16
4.565818265e-16
4.465466444e-16
4.578885423e-16
4.597225117e-16
4.440785426e-16
4.48012598e-16
4.504988895e-16
4.54275843e-16
4.51051885e-16
4.694397856e-16
4.404547392e-16
4.483738756e-16
4.57298323e-16
4.454522124e-16
4.47585743e-16
4.549808333e-16
4.526324447e-16
4.514006624e-16
4.51993226e-16
4.590442247e-16
4.49922334e-16
4.452049904e-16
4.587112968e-16
4.583620087e-16
4.55589533e-16
4.729218988e-16
4.738510302e-16
4.656223519e-16
4.517100122e-16
4.73921753e-16
4.70113689e-16
4.533494269e-16
4.928835832e-16
4.697816666e-16
4.436716185e-16
4.515209473e-16
4.418710475e-16
4.63698309e-16
4.419782175e-16
4.352227457e-16
4.462493904e-16
4.644315289e-16
4.3895723e-16
4.622646617e-16
4.547214235e-16
4.518118843e-16
4.456709676e-16
4.411410952e-16
4.420406536e-16
4.360644273e-16
4.535133661e-16
4.541297711e-16
4.314385685e-16
4.511315802e-16
4.497034323e-16
4.504791315e-16
4.529976825e-16
4.429609842e-16
4.548846646e-16
4.501275826e-16
4.664424775e-16
4.498477585e-16
4.575294712e-16
4.475455266e-16
4.511124344e-16
4.457152418e-16
4.509098345e-16
4.47694692e-16
4.563361644e-16
4.456415584e-16
4.594181512e-16
4.492974768e-16
4.670828179e-16
4.567810444e-16
4.57471759e-16
4.623414856e-16
4.591778272e-16
4.651990478e-16
4.491778466e-16
4.725483336e-16
4.513238583e-16
4.712369455e-16
4.434920295e-16
4.70918359e-16
4.508275362e-16
4.645718957e-16
4.49142335e-16
4.570017215e-16
4.725953682e-16
4.604629899e-16
4.590668363e-16
4.624425026e-16
4.391455673e-16
4.387197448e-16
4.547506197e-16
4.465889588e-16
4.533808792e-16
4.610593159e-16
4.462499703e-16
4.452225815e-16
4.478028386e-16
4.533592653e-16
4.557245303e-16
4.774693078e-16
4.550873192e-16
4.502545597e-16
4.580972403e-16
4.573438075e-16
4.504193637e-16
4.504320687e-16
4.53498472e-16
4.532110308e-16
4.580548197e-16
4.592895287e-16
4.43562073e-16
4.590044094e-16
4.509515931e-16
4.515524363e-16
4.330445148e-16
4.521573366e-16
4.493541734e-16
4.385825558e-16
4.465835202e-16
4.540871585e-16
4.562379749e-16
4.383175153e-16
4.486383224e-16
4.487026147e-16
4.465261984e-16
4.46816881e-16
4.473293808e-16
4.584210409e-16
4.523576925e-16
4.600594149e-16
4.550255141e-16
4.470714342e-16
4.548684208e-16
4.617730988e-16
4.530316458e-16
4.428900901e-16
4.350765278e-16
4.50762535e-16
4.55303683e-16
4.499921002e-16
4.522062225e-16
4.456727379e-16
4.449945976e-16
4.572508337e-16
4.697824106e-16
4.516602899e-16
4.676621751e-16
4.470635408e-16
4.700127041e-16
4.614550372e-16
4.513086876e-16
4.594589045e-16
4.596850795e-16
4.516008087e-16
4.467574817e-16
4.534155135e-16
4.548062817e-16
4.416095809e-16
4.593216782e-16
4.650856565e-16
4.474436596e-16
4.572748871e-16
4.53421201e-16
4.406603498e-16
4.667269093e-16
4.632991435e-16
4.527953865e-16
4.493021059e-16
4.448817444e-16
4.637123723e-16
4.52029888e-16
4.64280742e-16
4.830781221e-16
4.375978593e-16
4.600582912e-16
4.590377452e-16
4.462433131e-16
4.526524454e-16
4.448964735e-16
4.693153826e-16
4.7459859e-16
4.468244786e-16
4.562776991e-16
4.570909007e-16
4.525187941e-16
4.599348887e-16
4.673150619e-16
4.641095442e-16
4.528932576e-16
4.47426421e-16
4.564488762e-16
4.529808174e-16
4.584512705e-16
4.446559402e-16
4.514733853e-16
4.560704985e-16
4.472656088e-16
4.479838183e-16
4.392158773e-16
4.491260404e-16
4.474467546e-16
4.583205566e-16
4.626305681e-16
4.47898076e-16
4.621927253e-16
4.496740486e-16
4.430407275e-16
4.565371102e-16
4.558858817e-16
4.470193302e-16
4.531060903e-16
4.784804314e-16
4.44746992e-16
4.607250198e-16
4.565642977e-16
4.683401149e-16
4.587144643e-16
4.509721256e-16
4.622897615e-16
4.655102279e-16
4.567689751e-16
4.497656282e-16
4.538738799e-16
4.441672211e-16
4.415940335e-16
4.568822357e-16
4.419341834e-16
4.592246368e-16
4.416410025e-16
4.447690193e-16
4.654093919e-16
4.485861851e-16
4.582661925e-16
4.433459681e-16
4.625382009e-16
4.503352017e-16
4.542959304e-16
4.442159298e-16
4.365719086e-16
4.729520913e-16
4.630048364e-16
4.382161831e-16
4.490105238e-16
4.552953897e-16
4.493845527e-16
4.671102684e-16
4.563071436e-16
4.574181391e-16
4.50556468e-16
4.759762104e-16
4.532531405e-16
4.489898443e-16
4.465901855e-16
4.519072995e-16
4.485033012e-16
4.474208044e-16
4.557880991e-16
4.478718453e-16
4.62169165e-16
4.77246566e-16
4.710874417e-16
4.470191413e-16
4.400225151e-16
4.650881713e-16
4.437969187e-16
4.457789229e-16
4.514150891e-16
4.593378525e-16
4.605772859e-16
4.663374479e-16
4.571778303e-16
4.685581036e-16
4.489082715e-16
4.45135996e-16
4.6042388e-16
4.479977854e-16
4.509949273e-16
4.631489363e-16
4.387590568e-16
4.588417966e-16
4.502807141e-16
4.622834168e-16
4.436866646e-16
4.707333677e-16
4.517643628e-16
4.43946617e-16
4.655634929e-16
4.510380337e-16
4.485777673e-16
4.640504743e-16
4.625592622e-16
4.485300607e-16
4.758188029e-16
4.5388387e-16
4.706205353e-16
4.567602799e-16
4.531140387e-16
4.992223165e-16
4.437703037e-16
4.470189649e-16
4.682402363e-16
4.439679061e-16
4.47189283e-16
4.841872297e-16
4.533776218e-16
4.608431867e-16
4.575577064e-16
4.545331305e-16
4.571355701e-16
4.638261999e-16
4.475966383e-16
4.602817839e-16
4.43001222e-16
4.482932851e-16
4.444343031e-16
4.571045631e-16
4.466559854e-16
4.559907789e-16
4.558795446e-16
4.544775625e-16
4.71971538e-16
4.574680995e-16
4.604753536e-16
4.510621927e-16
4.514726595e-16
4.667445439e-16
4.628384105e-16
4.725380039e-16
4.457177533e-16
4.941692705e-16
4.595249988e-16
4.498967992e-16
4.618299315e-16
4.641029459e-16
4.616998864e-16
4.632813676e-16
4.577202843e-16
4.720122385e-16
4.567801477e-16
4.614014799e-16
4.785977324e-16
4.515876348e-16
4.614384575e-16
4.657132845e-16
4.547904351e-16
4.506583014e-16
4.603389129e-16
4.711013312e-16
4.689456046e-16
4.532968387e-16
4.494443084e-16
4.462013918e-16
4.479143056e-16
4.609010899e-16
4.408196362e-16
4.681489797e-16
4.392170711e-16
4.664692227e-16
4.54773757e-16
4.578622632e-16
4.389426461e-16
4.602667318e-16
4.603258046e-16
4.659663724e-16
4.439112855e-16
4.538386862e-16
4.446382137e-16
4.577140788e-16
4.622611779e-16
4.480613426e-16
4.468419617e-16
4.559000254e-16
4.523132603e-16
4.62428982e-16
4.44088213e-16
4.353737819e-16
4.389657799e-16
4.509231399e-16
4.543886966e-16
4.539168649e-16
4.579603129e-16
4.500409402e-16
4.624373582e-16
4.580423189e-16
4.53023101e-16
4.576570412e-16
4.472882608e-16
4.581761227e-16
4.545106315e-16
4.548037567e-16
4.482398769e-16
4.528431698e-16
4.607972991e-16
4.448647491e-16
4.451419623e-16
4.530814154e-16
4.545563894e-16
4.640385911e-16
4.626029095e-16
4.574991787e-16
4.546399873e-16
4.724971439e-16
4.566496672e-16
4.415602948e-16
4.356708901e-16
4.645406846e-16
4.556643719e-16
4.429025117e-16
4.825225709e-16
4.466982802e-16
4.466285349e-16
4.497770428e-16
4.572777617e-16
4.481336308e-16
4.507857129e-16
4.580162713e-16
4.651214602e-16
4.54148905e-16
4.61285068e-16
4.635013345e-16
4.430062002e-16
4.65919035e-16
4.603752705e-16
4.577173538e-16
4.523640606e-16
4.467918155e-16
4.423573745e-16
4.43314123e-16
4.660187577e-16
4.570481632e-16
4.570950365e-16
4.574880919e-16
4.637743102e-16
4.378733275e-16
4.431008655e-16
4.501365075e-16
4.380219195e-16
4.617340518e-16
4.790654565e-16
4.400157278e-16
4.428218172e-16
4.490779898e-16
4.496779732e-16
4.486253338e-16
4.447978612e-16
4.565867993e-16
4.743718245e-16
4.538376578e-16
4.623732882e-16
4.570281674e-16
4.74618077e-16
4.480476694e-16
4.683006623e-16
4.683862669e-16
4.523865623e-16
4.721412051e-16
4.492468444e-16
4.458239697e-16
4.432092847e-16
4.596931406e-16
4.487435708e-16
4.433725037e-16
4.467023488e-16
4.578740626e-16
4.420237766e-16
4.513714409e-16
4.521502214e-16
4.602613002e-16
4.474281943e-16
4.499314137e-16
4.574526497e-16
4.497417717e-16
4.446941949e-16
4.547112132e-16
4.682965081e-16
4.539529721e-16
4.513513054e-16
4.586141915e-16
4.561681963e-16
4.628307774e-16
4.471432117e-16
4.514559039e-16
4.584007661e-16
4.666514172e-16
4.540773824e-16
4.645838164e-16
4.41631128e-16
4.470602026e-16
4.539209286e-16
4.582712455e-16
4.63007253e-16
4.625164993e-16
4.498161725e-16
4.443274692e-16
4.613168963e-16
4.377842339e-16
4.764061958e-16
4.392328869e-16
4.550693e-16
4.782973749e-16
4.654132361e-16
4.527232334e-16
4.718844043e-16
4.52232973e-16
4.420832782e-16
4.447638007e-16
4.576473955e-16
4.681808205e-16
4.493299181e-16
4.564854367e-16
4.8044669e-16
4.512388959e-16
4.452999573e-16
4.751432406e-16
4.545542382e-16
4.506572699e-16
4.544473552e-16
4.448268314e-16
4.553659614e-16
4.438622742e-16
4.520068102e-16
4.710917469e-16
4.569868813e-16
4.755300226e-16
4.502645613e-16
4.544133451e-16
4.4171433e-16
4.661361392e-16
4.568662543e-16
4.720543902e-16
4.706972365e-16
4.572465814e-16
4.484687706e-16
4.616337261e-16
4.645073031e-16
4.425817213e-16
4.460120595e-16
4.646283727e-16
4.669681712e-16
4.433967444e-16
4.502245581e-16
4.717656597e-16
4.527984539e-16
4.741989129e-16
4.527710828e-16
4.740236799e-16
4.482817855e-16
4.515227513e-16
4.677092663e-16
4.458037065e-16
4.50129212e-16
4.409155806e-16
4.530112783e-16
4.70323407e-16
4.732034224e-16
4.44824734e-16
4.618115022e-16
4.467778738e-16
4.501448344e-16
4.452276209e-16
4.492068221e-16
4.470476383e-16
4.764818597e-16
4.617342397e-16
4.525257716e-16
4.593987617e-16
4.734013991e-16
4.768605797e-16
4.532602667e-16
4.487255533e-16
4.601314545e-16
4.460108681e-16
4.499533957e-16
4.538546315e-16
4.516360697e-16
4.555621465e-16
4.557654636e-16
4.666000668e-16
4.40335093e-16
4.585802992e-16
4.601337501e-16
4.705121629e-16
4.4050662e-16
4.56678268e-16
4.471158943e-16
4.573859244e-16
4.430402975e-16
4.726481743e-16
4.57800097e-16
4.467024264e-16
4.480292947e-16
4.552482031e-16
4.49316488e-16
4.435669459e-16
4.521644106e-16
4.390859403e-16
4.532037894e-16
4.63696761e-16
4.576614441e-16
4.534095546e-16
4.567465277e-16
4.538440351e-16
4.349694056e-16
4.737856629e-16
4.442002102e-16
4.489767686e-16
4.563636937e-16
4.583107806e-16
4.616697148e-16
4.548761565e-16
4.645436391e-16
4.694062678e-16
4.588146899e-16
4.495965796e-16
4.48442181e-16
4.623029732e-16
4.585200437e-16
4.497707408e-16
4.685387646e-16
4.658467374e-16
4.515498737e-16
4.627373729e-16
4.497905638e-16
4.674103972e-16
4.604895791e-16
4.691892707e-16
4.506303828e-16
4.622278625e-16
4.517839993e-16
4.598629115e-16
4.470339161e-16
4.427452565e-16
4.579938688e-16
4.54924486e-16
4.518456012e-16
4.41752363e-16
4.602832255e-16
4.859787437e-16
4.497051469e-16
4.516249949e-16
4.614364725e-16
4.561166065e-16
4.579496126e-16
4.510681183e-16
4.484043861e-16
4.614347861e-16
4.442042223e-16
4.620268169e-16
4.555236647e-16
4.641809434e-16
4.592515533e-16
4.576843375e-16
4.580755819e-16
4.431304946e-16
4.735681925e-16
4.574935596e-16
4.459269821e-16
4.52310392e-16
4.488569015e-16
4.566758713e-16
4.457794927e-16
4.511682875e-16
4.451634087e-16
4.522954015e-16
4.584155836e-16
4.559129928e-16
4.498868238e-16
4.687569123e-16
4.469353476e-16
4.835199998e-16
4.519239387e-16
4.416968157e-16
4.538659288e-16
4.590702419e-16
4.755925256e-16
4.586414647e-16
4.470949541e-16
4.468515279e-16
4.523861677e-16
4.562154018e-16
4.406665815e-16
4.498144484e-16
4.628116033e-16
4.518209849e-16
4.510925446e-16
4.589756679e-16
4.482039754e-16
4.602276752e-16
4.355156665e-16
4.449651137e-16
4.509159357e-16
4.491267673e-16
4.466675026e-16
4.672310898e-16
4.6897683e-16
4.422401516e-16
4.686447326e-16
4.521626786e-16
4.68933577e-16
4.552581294e-16
4.561808619e-16
4.556677769e-16
4.616229299e-16
4.454830002e-16
4.753709186e-16
4.650292125e-16
4.577024568e-16
4.495305292e-16
4.743033919e-16
4.447396734e-16
4.446442992e-16
4.484219662e-16
4.631230305e-16
4.582660597e-16
4.521333912e-16
4.57197118e-16
4.46680726e-16
4.660922846e-16
4.667323673e-16
4.699186211e-16
4.548193222e-16
4.530742681e-16
4.497739884e-16
4.498735711e-16
4.49221056e-16
4.501715059e-16
4.486459413e-16
4.487564991e-16
4.447361509e-16
4.508272224e-16
4.684572362e-16
4.700437588e-16
4.597871014e-16
4.706220896e-16
4.504506917e-16
4.384903677e-16
4.559758554e-16
4.375931444e-16
4.425474508e-16
4.478734166e-16
4.650889774e-16
4.584101724e-16
4.710087752e-16
4.556366487e-16
4.457735019e-16
4.562815444e-16
4.561075338e-16
4.530270284e-16
4.413664514e-16
4.551902528e-16
4.526619044e-16
4.478282018e-16
4.489071413e-16
4.427970863e-16
4.518867224e-16
4.571385307e-16
4.544506771e-16
4.806466469e-16
4.55012999e-16
4.491290964e-16
4.477386016e-16
4.56939417e-16
4.570110441e-16
4.656520595e-16
4.502679026e-16
4.44170981e-16
4.528572439e-16
4.374602649e-16
4.534853328e-16
4.522753016e-16
4.514249393e-16
4.482814179e-16
4.488135254e-16
4.633587568e-16
4.518001161e-16
4.494376562e-16
4.560092742e-16
4.544641891e-16
4.534520031e-16
4.568229187e-16
4.657668781e-16
4.520897948e-16
4.569821765e-16
4.714371381e-16
4.570063762e-16
4.731443835e-16
4.573364376e-16
4.447850512e-16
4.455621892e-16
4.653025278e-16
4.486897934e-16
4.470263534e-16
4.525957057e-16
4.486286395e-16
4.645081145e-16
4.60887467e-16
4.568205849e-16
4.559801994e-16
4.405220312e-16
4.576163686e-16
4.456235e-16
4.544521877e-16
4.485806857e-16
4.415583264e-16
4.546532072e-16
4.421882379e-16
4.669576979e-16
4.449542777e-16
4.526629782e-16
4.505196799e-16
4.595121858e-16
4.607068991e-16
4.484500222e-16
4.610979259e-16
4.445238998e-16
4.516827578e-16
4.488395531e-16
4.550897932e-16
4.920389747e-16
4.515597549e-16
4.529013704e-16
4.377650435e-16
4.608415247e-16
4.622288671e-16
4.520751544e-16
4.463216183e-16
4.513683663e-16
4.62642003e-16
4.590743678e-16
4.422907155e-16
4.667282134e-16
4.508774121e-16
4.573635889e-16
4.464376362e-16
4.554060035e-16
4.423871076e-16
4.485402777e-16
4.63228115e-16
4.480845963e-16
4.472696863e-16
4.686382146e-16
4.639002812e-16
4.404112097e-16
4.488317394e-16
4.896747936e-16
4.690490498e-16
4.508739299e-16
4.425138177e-16
4.418474294e-16
4.542579829e-16
4.629841378e-16
4.603084472e-16
4.537637923e-16
4.666459412e-16
4.510786245e-16
4.735603758e-16
4.606294664e-16
4.575748871e-16
4.562566348e-16
4.387331776e-16
4.492564886e-16
4.61582211e-16
4.616277645e-16
4.644139813e-16
4.450012784e-16
4.588827033e-16
4.504261603e-16
4.513321668e-16
4.775022558e-16
4.525211682e-16
4.621305339e-16
4.544412594e-16
4.486715761e-16
4.500231174e-16
4.670526527e-16
4.800062255e-16
4.415300163e-16
4.729379463e-16
4.550592362e-16
4.60005898e-16
4.510102312e-16
4.627166306e-16
4.484824237e-16
4.460289654e-16
4.69386926e-16
4.693066546e-16
4.578405491e-16
4.423445729e-16
4.496166522e-16
4.616590611e-16
4.484570652e-16
4.558088232e-16
4.609377628e-16
4.533654537e-16
4.501504708e-16
4.473212569e-16
4.618015173e-16
4.744529791e-16
4.658676318e-16
4.554523361e-16
4.783372422e-16
4.482496674e-16
4.73426957e-16
4.529258109e-16
4.415784092e-16
4.506546317e-16
4.534641046e-16
4.546391378e-16
4.507611852e-16
4.540152441e-16
4.763233157e-16
4.699605262e-16
4.487175596e-16
4.531494674e-16
4.440977252e-16
4.378505522e-16
4.586499048e-16
4.561958294e-16
4.516339613e-16
4.545803781e-16
4.604130369e-16
4.464015029e-16
4.544272788e-16
4.527689389e-16
4.556489655e-16
4.546740945e-16
4.409091129e-16
4.404967103e-16
4.392163135e-16
4.534679428e-16
4.61646461e-16
4.475558874e-16
4.745215648e-16
4.633475944e-16
4.544894307e-16
4.618284139e-16
4.657548781e-16
4.581523971e-16
4.551207276e-16
4.559137081e-16
4.50629398e-16
4.655991728e-16
4.544109943e-16
4.562548559e-16
4.509231018e-16
4.684690216e-16
4.488847398e-16
4.514151762e-16
4.808585485e-16
4.589020769e-16
4.488086557e-16
4.675429459e-16
4.562933035e-16
4.650162305e-16
4.722989656e-16
4.52367655e-16
4.509093056e-16
4.502033009e-16
4.583559299e-16
4.528123253e-16
4.426030296e-16
4.447251399e-16
4.502099675e-16
4.493582026e-16
4.642180617e-16
4.503079654e-16
4.492393631e-16
4.696425669e-16
4.407032901e-16
4.477587895e-16
4.546336899e-16
4.480381609e-16
4.575241648e-16
4.490197084e-16
4.599212381e-16
4.429354974e-16
4.737820083e-16
4.466734185e-16
4.421437223e-16
4.742033275e-16
4.464882835e-16
4.447293088e-16
4.517441643e-16
4.679434872e-16
4.394073591e-16
4.568073645e-16
4.573434355e-16
4.432907949e-16
4.407703717e-16
4.547380819e-16
4.518243309e-16
4.531917793e-16
4.565926338e-16
4.500896113e-16
4.515353305e-16
4.573499817e-16
4.441688588e-16
4.342302242e-16
4.491767246e-16
4.526261587e-16
4.603200665e-16
4.476668811e-16
4.546271485e-16
4.582133637e-16
4.588153601e-16
4.517325691e-16
4.50228849e-16
4.426816628e-16
4.471530017e-16
4.694607946e-16
4.61004125e-16
4.583885693e-16
4.479628251e-16
4.529733439e-16
4.656259291e-16
4.560891101e-16
4.620992021e-16
4.686071665e-16
4.765947866e-16
4.600053404e-16
4.872362749e-16
4.519018692e-16
4.413284459e-16
4.542821294e-16
4.559119966e-16
4.601196316e-16
4.448264183e-16
4.567196259e-16
4.560769452e-16
4.50882426e-16
)
;

boundaryField
{
    FLOW
    {
        type            zeroGradient;
    }
    WALL
    {
        type            zeroGradient;
    }
    frontAndBack
    {
        type            empty;
    }
}


// ************************************************************************* //
