/*--------------------------------*- C++ -*----------------------------------*\
  =========                 |
  \\      /  F ield         | OpenFOAM: The Open Source CFD Toolbox
   \\    /   O peration     | Website:  https://openfoam.org
    \\  /    A nd           | Version:  6
     \\/     M anipulation  |
\*---------------------------------------------------------------------------*/
FoamFile
{
    version     2.0;
    format      ascii;
    class       volScalarField;
    location    "20.5";
    object      iDofMean;
}
// * * * * * * * * * * * * * * * * * * * * * * * * * * * * * * * * * * * * * //

dimensions      [0 -3 0 0 0 0 0];

internalField   nonuniform List<scalar> 
3600
(
1.494889618e+16
1.494736156e+16
1.495974127e+16
1.497022644e+16
1.498498701e+16
1.499724673e+16
1.501476477e+16
1.502295523e+16
1.503245001e+16
1.505174804e+16
1.506971266e+16
1.50826843e+16
1.510226212e+16
1.512061419e+16
1.513698797e+16
1.516030326e+16
1.517087258e+16
1.519608135e+16
1.521765354e+16
1.523449952e+16
1.525650137e+16
1.528303487e+16
1.530108111e+16
1.533034056e+16
1.5353172e+16
1.53734978e+16
1.539912845e+16
1.542520123e+16
1.544622131e+16
1.547572218e+16
1.499828965e+16
1.498463004e+16
1.498615236e+16
1.499115498e+16
1.500077426e+16
1.501337376e+16
1.502723447e+16
1.503598302e+16
1.505043471e+16
1.506192197e+16
1.508192962e+16
1.509453347e+16
1.511087045e+16
1.512845595e+16
1.515249987e+16
1.516006724e+16
1.518081738e+16
1.520194006e+16
1.522223675e+16
1.524649669e+16
1.526563729e+16
1.528645668e+16
1.530717338e+16
1.5332983e+16
1.535513885e+16
1.537460513e+16
1.540045263e+16
1.54266562e+16
1.54509481e+16
1.547781392e+16
1.50171481e+16
1.501185438e+16
1.501435225e+16
1.501686438e+16
1.502593393e+16
1.502858422e+16
1.503691963e+16
1.505113399e+16
1.506511609e+16
1.507177725e+16
1.509318725e+16
1.510549952e+16
1.512025911e+16
1.513650667e+16
1.515550616e+16
1.517462766e+16
1.519580264e+16
1.521557411e+16
1.522974119e+16
1.524171089e+16
1.527044471e+16
1.528926185e+16
1.531330299e+16
1.533061051e+16
1.535162952e+16
1.538831343e+16
1.540392358e+16
1.542809542e+16
1.544885882e+16
1.547944687e+16
1.503824922e+16
1.503693932e+16
1.502915707e+16
1.503200848e+16
1.504014132e+16
1.504637469e+16
1.50539568e+16
1.506292562e+16
1.507389601e+16
1.50865034e+16
1.509998806e+16
1.511769387e+16
1.513184569e+16
1.514736406e+16
1.516378996e+16
1.517875605e+16
1.520251789e+16
1.521148851e+16
1.52354617e+16
1.524968393e+16
1.527522066e+16
1.53006016e+16
1.531675821e+16
1.533771666e+16
1.535493379e+16
1.538559429e+16
1.540456771e+16
1.543494933e+16
1.545086844e+16
1.547894926e+16
1.505449033e+16
1.504755529e+16
1.504339888e+16
1.505047652e+16
1.505185774e+16
1.505649355e+16
1.506879654e+16
1.506991918e+16
1.508742487e+16
1.509847107e+16
1.510889093e+16
1.512665818e+16
1.513689357e+16
1.515596452e+16
1.516850838e+16
1.518426268e+16
1.520128469e+16
1.52209888e+16
1.524151954e+16
1.52585504e+16
1.528015496e+16
1.53037279e+16
1.531912284e+16
1.534173982e+16
1.536500348e+16
1.539009637e+16
1.541345927e+16
1.543310789e+16
1.545160846e+16
1.548371097e+16
1.506717686e+16
1.506393258e+16
1.506084367e+16
1.506152911e+16
1.506378064e+16
1.506576664e+16
1.508107642e+16
1.508472251e+16
1.509319946e+16
1.511135231e+16
1.511966816e+16
1.512944616e+16
1.515005509e+16
1.515719821e+16
1.51684951e+16
1.51961143e+16
1.520854277e+16
1.522113335e+16
1.52408282e+16
1.52666434e+16
1.528159811e+16
1.530922518e+16
1.532470126e+16
1.534395446e+16
1.536893417e+16
1.539555874e+16
1.541195021e+16
1.543617663e+16
1.545723112e+16
1.548243744e+16
1.507796686e+16
1.507062372e+16
1.506885897e+16
1.506913629e+16
1.507179053e+16
1.507964653e+16
1.508921808e+16
1.509673833e+16
1.510622968e+16
1.511788217e+16
1.512276293e+16
1.514063838e+16
1.515221169e+16
1.516993635e+16
1.518447507e+16
1.519569484e+16
1.521411919e+16
1.522892541e+16
1.525179717e+16
1.526864463e+16
1.529041537e+16
1.530644503e+16
1.532646941e+16
1.534720806e+16
1.536941701e+16
1.539157932e+16
1.541808571e+16
1.543718018e+16
1.545945116e+16
1.547793091e+16
1.508299171e+16
1.507980201e+16
1.508028977e+16
1.508030256e+16
1.509068545e+16
1.508686882e+16
1.50965982e+16
1.510656421e+16
1.511292092e+16
1.512341887e+16
1.51305492e+16
1.51433576e+16
1.515623739e+16
1.517335871e+16
1.519104731e+16
1.520102995e+16
1.521881804e+16
1.523643141e+16
1.525332646e+16
1.526879419e+16
1.529186944e+16
1.531312496e+16
1.532981015e+16
1.535321583e+16
1.537885197e+16
1.5397651e+16
1.541408969e+16
1.544435575e+16
1.546412836e+16
1.54831067e+16
1.509317094e+16
1.508952789e+16
1.509151193e+16
1.508832173e+16
1.509168994e+16
1.509214672e+16
1.509996238e+16
1.510527634e+16
1.511995126e+16
1.512549526e+16
1.513406826e+16
1.515066183e+16
1.516569234e+16
1.517448415e+16
1.51900707e+16
1.520374261e+16
1.522317842e+16
1.524174324e+16
1.525463924e+16
1.527285905e+16
1.529898141e+16
1.531366822e+16
1.533297273e+16
1.535714448e+16
1.537811777e+16
1.539879218e+16
1.541939856e+16
1.543779185e+16
1.5460943e+16
1.5484448e+16
1.509096957e+16
1.50941057e+16
1.509238618e+16
1.508595071e+16
1.509400636e+16
1.510500683e+16
1.510170597e+16
1.511553582e+16
1.512034266e+16
1.513018222e+16
1.514590759e+16
1.515687603e+16
1.51662519e+16
1.518211692e+16
1.519710113e+16
1.52080539e+16
1.522849082e+16
1.524360091e+16
1.526377467e+16
1.527522908e+16
1.529893027e+16
1.531809653e+16
1.533574792e+16
1.535854486e+16
1.5376147e+16
1.539484967e+16
1.542122035e+16
1.544200382e+16
1.546448673e+16
1.549105605e+16
1.509725564e+16
1.509488809e+16
1.50961375e+16
1.509967189e+16
1.510416021e+16
1.51082281e+16
1.510861996e+16
1.511920551e+16
1.512090428e+16
1.512974911e+16
1.514126941e+16
1.516108365e+16
1.516989062e+16
1.518362802e+16
1.519818542e+16
1.521548025e+16
1.522899688e+16
1.524557126e+16
1.526299097e+16
1.528420823e+16
1.529756439e+16
1.531904511e+16
1.533903163e+16
1.535977667e+16
1.537909045e+16
1.540045128e+16
1.541996705e+16
1.544373029e+16
1.546098733e+16
1.548257025e+16
1.510302377e+16
1.509783825e+16
1.509718377e+16
1.510315457e+16
1.510471624e+16
1.510839666e+16
1.511843434e+16
1.512575103e+16
1.51303966e+16
1.513742261e+16
1.515190643e+16
1.516314185e+16
1.517442507e+16
1.518521468e+16
1.520042064e+16
1.521669812e+16
1.523363015e+16
1.524693762e+16
1.526395119e+16
1.529069574e+16
1.529384798e+16
1.531404044e+16
1.533734253e+16
1.536300219e+16
1.537817726e+16
1.540054511e+16
1.542424434e+16
1.544478344e+16
1.54676612e+16
1.548909414e+16
1.510600155e+16
1.510113808e+16
1.510547691e+16
1.510171043e+16
1.510711725e+16
1.51093196e+16
1.511625903e+16
1.512444801e+16
1.513287579e+16
1.514125449e+16
1.514796884e+16
1.516657299e+16
1.517466797e+16
1.518851453e+16
1.520046785e+16
1.522024432e+16
1.523336561e+16
1.52482736e+16
1.526839819e+16
1.528335847e+16
1.530350855e+16
1.531597973e+16
1.533827333e+16
1.53580153e+16
1.5381336e+16
1.540667178e+16
1.542362676e+16
1.544241391e+16
1.546641718e+16
1.548797255e+16
1.51043372e+16
1.510084757e+16
1.510132452e+16
1.510618997e+16
1.510886043e+16
1.511150876e+16
1.511412757e+16
1.511948677e+16
1.51302423e+16
1.514005726e+16
1.515057055e+16
1.516060915e+16
1.517593518e+16
1.519038212e+16
1.520585754e+16
1.521799434e+16
1.522958594e+16
1.525259923e+16
1.526960935e+16
1.528575662e+16
1.529925242e+16
1.532329101e+16
1.534449401e+16
1.536375212e+16
1.538226294e+16
1.540547702e+16
1.542548057e+16
1.544701588e+16
1.546932916e+16
1.548503469e+16
1.510173108e+16
1.510440056e+16
1.509709576e+16
1.510620955e+16
1.510041085e+16
1.511091864e+16
1.511392784e+16
1.512358999e+16
1.51345235e+16
1.514498802e+16
1.515069682e+16
1.516919378e+16
1.517801944e+16
1.519292169e+16
1.520340678e+16
1.521733636e+16
1.523731696e+16
1.525252097e+16
1.527156282e+16
1.52857408e+16
1.53054631e+16
1.532217474e+16
1.534876243e+16
1.53660311e+16
1.538148645e+16
1.54049631e+16
1.542873757e+16
1.545213938e+16
1.546064601e+16
1.548631256e+16
1.510050525e+16
1.50962397e+16
1.509635228e+16
1.510343534e+16
1.510854713e+16
1.511138673e+16
1.511559523e+16
1.512170133e+16
1.51296197e+16
1.514141183e+16
1.515219013e+16
1.516547599e+16
1.517576545e+16
1.518944139e+16
1.5201497e+16
1.521776365e+16
1.523433133e+16
1.524893445e+16
1.527045944e+16
1.529135314e+16
1.531073764e+16
1.531774594e+16
1.533823891e+16
1.536219137e+16
1.538371438e+16
1.540512635e+16
1.542724179e+16
1.545250866e+16
1.547479095e+16
1.5494024e+16
1.509722564e+16
1.50931022e+16
1.509815104e+16
1.509181933e+16
1.509893729e+16
1.510760756e+16
1.511416593e+16
1.512288594e+16
1.51293105e+16
1.51396575e+16
1.51535257e+16
1.516337303e+16
1.517713003e+16
1.518990713e+16
1.520107076e+16
1.5216681e+16
1.523793955e+16
1.524609493e+16
1.526704068e+16
1.528639583e+16
1.530768913e+16
1.532365438e+16
1.534908557e+16
1.536316995e+16
1.538908096e+16
1.540630407e+16
1.542868159e+16
1.545000939e+16
1.546981889e+16
1.549022958e+16
1.509159208e+16
1.509611481e+16
1.509838501e+16
1.509007073e+16
1.509831667e+16
1.510470836e+16
1.511042099e+16
1.512049566e+16
1.512746849e+16
1.513710005e+16
1.515342678e+16
1.515778815e+16
1.517698194e+16
1.518787089e+16
1.52004467e+16
1.521384376e+16
1.523680511e+16
1.524756701e+16
1.52648879e+16
1.529031859e+16
1.530714964e+16
1.532504632e+16
1.53406109e+16
1.536191502e+16
1.538836002e+16
1.540419605e+16
1.543071815e+16
1.544884691e+16
1.546831271e+16
1.549037602e+16
1.508932874e+16
1.508985734e+16
1.509218507e+16
1.508871756e+16
1.509454184e+16
1.510338419e+16
1.510315356e+16
1.511291059e+16
1.512815836e+16
1.513762224e+16
1.515418156e+16
1.516292452e+16
1.517223402e+16
1.51862094e+16
1.520226651e+16
1.521785363e+16
1.522694735e+16
1.524719381e+16
1.526737889e+16
1.528189319e+16
1.530179348e+16
1.532278151e+16
1.534395108e+16
1.536470449e+16
1.538444457e+16
1.540869713e+16
1.542767793e+16
1.545040169e+16
1.54735902e+16
1.549916185e+16
1.508102586e+16
1.508216909e+16
1.508649413e+16
1.508429719e+16
1.508982006e+16
1.509707322e+16
1.510200256e+16
1.511189874e+16
1.512369619e+16
1.513330907e+16
1.514327262e+16
1.515463885e+16
1.516890032e+16
1.517880289e+16
1.520150839e+16
1.520842671e+16
1.522437335e+16
1.524679856e+16
1.526622542e+16
1.528534703e+16
1.530488542e+16
1.532318382e+16
1.534623957e+16
1.536701854e+16
1.538884444e+16
1.540358443e+16
1.543513918e+16
1.545625064e+16
1.54731325e+16
1.549642755e+16
1.507192821e+16
1.507920155e+16
1.507958999e+16
1.508092939e+16
1.508849138e+16
1.508954804e+16
1.509602921e+16
1.510580051e+16
1.51132011e+16
1.512476558e+16
1.51366994e+16
1.515194912e+16
1.516169033e+16
1.5174879e+16
1.519572631e+16
1.521071011e+16
1.522792388e+16
1.524407737e+16
1.526303023e+16
1.528171912e+16
1.530457851e+16
1.531951019e+16
1.534190656e+16
1.536213777e+16
1.538827546e+16
1.540570607e+16
1.542808752e+16
1.544889756e+16
1.547614167e+16
1.549353917e+16
1.506732238e+16
1.506591316e+16
1.506998104e+16
1.507530575e+16
1.507608167e+16
1.508778626e+16
1.509740648e+16
1.51038617e+16
1.510982751e+16
1.51222441e+16
1.5129103e+16
1.514433798e+16
1.515798483e+16
1.517248289e+16
1.51897201e+16
1.520611905e+16
1.522211731e+16
1.524450073e+16
1.525994968e+16
1.527851269e+16
1.530195427e+16
1.531982488e+16
1.533999775e+16
1.536694667e+16
1.538782112e+16
1.540440108e+16
1.543202069e+16
1.54482726e+16
1.547073387e+16
1.549757364e+16
1.506317246e+16
1.50610242e+16
1.505852189e+16
1.506339176e+16
1.5074377e+16
1.507924489e+16
1.508430109e+16
1.50928977e+16
1.510107864e+16
1.511096096e+16
1.512765403e+16
1.514037391e+16
1.515240206e+16
1.517686164e+16
1.518539661e+16
1.520006621e+16
1.521902652e+16
1.523339904e+16
1.525879917e+16
1.527918593e+16
1.530064788e+16
1.532326594e+16
1.534530385e+16
1.535979536e+16
1.538756895e+16
1.540670039e+16
1.542638237e+16
1.545161974e+16
1.54752257e+16
1.549888559e+16
1.505160299e+16
1.505192212e+16
1.505335987e+16
1.50558243e+16
1.506625883e+16
1.507111099e+16
1.5078046e+16
1.508692828e+16
1.509801276e+16
1.510793394e+16
1.512277326e+16
1.513726969e+16
1.514547776e+16
1.516868004e+16
1.517924773e+16
1.520326517e+16
1.521996314e+16
1.523667373e+16
1.525088211e+16
1.527795166e+16
1.529531671e+16
1.531547327e+16
1.534102984e+16
1.536230249e+16
1.538704078e+16
1.540140314e+16
1.542890473e+16
1.545193532e+16
1.546956607e+16
1.550001251e+16
1.503880188e+16
1.503887811e+16
1.50460644e+16
1.505144024e+16
1.505425084e+16
1.505854246e+16
1.506688228e+16
1.507632855e+16
1.509125917e+16
1.510355233e+16
1.511722533e+16
1.51280664e+16
1.514402329e+16
1.516373936e+16
1.517794274e+16
1.519678594e+16
1.521409117e+16
1.522953366e+16
1.525108174e+16
1.527261663e+16
1.529726387e+16
1.531571076e+16
1.533661382e+16
1.535617139e+16
1.537874077e+16
1.540355633e+16
1.542880886e+16
1.545603912e+16
1.547690185e+16
1.54948004e+16
1.502389193e+16
1.502757138e+16
1.503374378e+16
1.50394107e+16
1.504397179e+16
1.505057786e+16
1.506033479e+16
1.507829645e+16
1.507943614e+16
1.509244229e+16
1.510706771e+16
1.512369472e+16
1.51354062e+16
1.515749574e+16
1.516572586e+16
1.518609877e+16
1.520787607e+16
1.522686327e+16
1.524615492e+16
1.526535617e+16
1.528959382e+16
1.531038516e+16
1.533437319e+16
1.53580793e+16
1.537857514e+16
1.540713703e+16
1.543106932e+16
1.545106509e+16
1.547400333e+16
1.549779007e+16
1.501041464e+16
1.501608747e+16
1.502197714e+16
1.502482904e+16
1.50304109e+16
1.504163609e+16
1.504904018e+16
1.506015139e+16
1.507499594e+16
1.508578597e+16
1.509497999e+16
1.511286674e+16
1.513146755e+16
1.514581269e+16
1.516138056e+16
1.517854508e+16
1.520316101e+16
1.523014534e+16
1.524343226e+16
1.526752206e+16
1.528635977e+16
1.530595677e+16
1.533536734e+16
1.535325803e+16
1.537938047e+16
1.540770929e+16
1.54313082e+16
1.545339668e+16
1.547036411e+16
1.55048455e+16
1.499673043e+16
1.500433124e+16
1.501095945e+16
1.501598126e+16
1.502314298e+16
1.502933013e+16
1.50397066e+16
1.504888784e+16
1.506402693e+16
1.507766541e+16
1.508822541e+16
1.510481651e+16
1.511690219e+16
1.51375294e+16
1.515999394e+16
1.518155237e+16
1.519602093e+16
1.521594975e+16
1.524349077e+16
1.526054965e+16
1.52804342e+16
1.530710147e+16
1.532652251e+16
1.535521552e+16
1.537941145e+16
1.540545776e+16
1.54247744e+16
1.54473895e+16
1.547827814e+16
1.550049586e+16
1.499108669e+16
1.499012295e+16
1.499477794e+16
1.500471091e+16
1.500938165e+16
1.501566763e+16
1.502602197e+16
1.503632725e+16
1.50529808e+16
1.507073489e+16
1.508408139e+16
1.510233741e+16
1.511420624e+16
1.513407523e+16
1.514996024e+16
1.517089026e+16
1.51830483e+16
1.521474613e+16
1.523119718e+16
1.525499e+16
1.527843059e+16
1.530149165e+16
1.532764614e+16
1.534654434e+16
1.537123099e+16
1.540166088e+16
1.542205829e+16
1.545005906e+16
1.547952126e+16
1.549836881e+16
1.496659663e+16
1.497712262e+16
1.498141522e+16
1.498955838e+16
1.499792627e+16
1.500597255e+16
1.501010728e+16
1.502957456e+16
1.504184749e+16
1.505634449e+16
1.507260239e+16
1.50856537e+16
1.510586532e+16
1.512627962e+16
1.514887988e+16
1.516949668e+16
1.518432616e+16
1.520473685e+16
1.52306872e+16
1.525391308e+16
1.527252756e+16
1.530125949e+16
1.53268372e+16
1.534934994e+16
1.53800305e+16
1.540047185e+16
1.542616397e+16
1.545061017e+16
1.547576454e+16
1.550964406e+16
1.550433169e+16
1.552709831e+16
1.555328853e+16
1.557277144e+16
1.559602043e+16
1.562039182e+16
1.564651624e+16
1.567260532e+16
1.569620522e+16
1.571774348e+16
1.574283785e+16
1.577010982e+16
1.578995562e+16
1.581852586e+16
1.583412716e+16
1.585376447e+16
1.587375885e+16
1.589645844e+16
1.591763823e+16
1.593551582e+16
1.594791805e+16
1.59711591e+16
1.598796722e+16
1.600202307e+16
1.601687608e+16
1.603292549e+16
1.60466165e+16
1.606309017e+16
1.607392946e+16
1.608255146e+16
1.549985715e+16
1.552310713e+16
1.55490156e+16
1.557557665e+16
1.559634103e+16
1.56207311e+16
1.564791761e+16
1.567590026e+16
1.569135502e+16
1.571998124e+16
1.574349871e+16
1.576070837e+16
1.578537537e+16
1.581057693e+16
1.582564963e+16
1.584724542e+16
1.587125706e+16
1.58902408e+16
1.590850822e+16
1.592376697e+16
1.594283775e+16
1.595404032e+16
1.59738867e+16
1.599233498e+16
1.600855197e+16
1.601457696e+16
1.602950657e+16
1.603966918e+16
1.604562139e+16
1.603867298e+16
1.54997239e+16
1.552139353e+16
1.555140086e+16
1.557476679e+16
1.559825377e+16
1.562381018e+16
1.564697844e+16
1.566664977e+16
1.568911333e+16
1.571382851e+16
1.573955669e+16
1.575950714e+16
1.578318825e+16
1.580404311e+16
1.581965867e+16
1.584302313e+16
1.586333957e+16
1.588172e+16
1.590238203e+16
1.592071936e+16
1.593146455e+16
1.594626593e+16
1.596644372e+16
1.59743788e+16
1.599105653e+16
1.600118235e+16
1.601330874e+16
1.602004956e+16
1.601927275e+16
1.601138666e+16
1.550039065e+16
1.552802322e+16
1.555173079e+16
1.556894793e+16
1.559760226e+16
1.562229621e+16
1.564338553e+16
1.566921697e+16
1.569111802e+16
1.570975815e+16
1.573305779e+16
1.575906165e+16
1.577676017e+16
1.579565311e+16
1.581484978e+16
1.583684138e+16
1.585492351e+16
1.587272569e+16
1.589077578e+16
1.591330393e+16
1.59288757e+16
1.59357188e+16
1.59514909e+16
1.596474624e+16
1.598132564e+16
1.598356595e+16
1.599372453e+16
1.599878715e+16
1.59974021e+16
1.599633943e+16
1.550148372e+16
1.551884305e+16
1.554609289e+16
1.557069596e+16
1.559808561e+16
1.562128969e+16
1.564390035e+16
1.566373985e+16
1.568776851e+16
1.570420727e+16
1.573329529e+16
1.575086538e+16
1.577390924e+16
1.579184239e+16
1.581435955e+16
1.583320225e+16
1.585076221e+16
1.586252965e+16
1.588753838e+16
1.590212005e+16
1.5918275e+16
1.593241454e+16
1.594234466e+16
1.595072227e+16
1.596648247e+16
1.597228423e+16
1.598100898e+16
1.598490921e+16
1.598527611e+16
1.59822299e+16
1.550639784e+16
1.552409299e+16
1.554963809e+16
1.557877814e+16
1.559757963e+16
1.561995715e+16
1.564292234e+16
1.566634786e+16
1.568516443e+16
1.570930283e+16
1.573106047e+16
1.574790235e+16
1.576650216e+16
1.578945268e+16
1.580925169e+16
1.582948004e+16
1.584673314e+16
1.586722594e+16
1.588187194e+16
1.589678206e+16
1.590910564e+16
1.5925597e+16
1.593819858e+16
1.59442278e+16
1.595724083e+16
1.596511463e+16
1.596559936e+16
1.596970216e+16
1.597028493e+16
1.597731772e+16
1.54990463e+16
1.552372566e+16
1.55554766e+16
1.557374549e+16
1.559474147e+16
1.561810093e+16
1.564137246e+16
1.566274017e+16
1.56841387e+16
1.571085709e+16
1.572885661e+16
1.574472245e+16
1.576413112e+16
1.578806654e+16
1.579932114e+16
1.582844398e+16
1.584158052e+16
1.585496618e+16
1.587295234e+16
1.588794704e+16
1.590671346e+16
1.59120239e+16
1.592615368e+16
1.594026511e+16
1.59519402e+16
1.595533307e+16
1.596524089e+16
1.59614749e+16
1.596119028e+16
1.596314032e+16
1.550605075e+16
1.552609823e+16
1.554924232e+16
1.556962113e+16
1.559707275e+16
1.562108863e+16
1.563816365e+16
1.566100061e+16
1.568346318e+16
1.570608123e+16
1.572982143e+16
1.574634074e+16
1.576639748e+16
1.578245772e+16
1.580236047e+16
1.582607305e+16
1.584064882e+16
1.585545551e+16
1.586893124e+16
1.588027306e+16
1.589742715e+16
1.590809966e+16
1.592645717e+16
1.593804612e+16
1.593958172e+16
1.594713837e+16
1.595409692e+16
1.595635533e+16
1.595617989e+16
1.59579583e+16
1.550638061e+16
1.552984398e+16
1.554962971e+16
1.556829294e+16
1.559853991e+16
1.561797801e+16
1.563853727e+16
1.566536638e+16
1.568496674e+16
1.56993772e+16
1.572698223e+16
1.574611596e+16
1.575957644e+16
1.57833609e+16
1.580277735e+16
1.582141109e+16
1.58365887e+16
1.585214623e+16
1.586881413e+16
1.587848118e+16
1.589199371e+16
1.59069775e+16
1.591677043e+16
1.592732436e+16
1.593252908e+16
1.594354537e+16
1.594706788e+16
1.595217181e+16
1.594738954e+16
1.594827797e+16
1.55061854e+16
1.553335673e+16
1.555416521e+16
1.557311463e+16
1.559706578e+16
1.561348429e+16
1.564212772e+16
1.565871161e+16
1.56770709e+16
1.570392598e+16
1.572522732e+16
1.57449978e+16
1.576163963e+16
1.577918138e+16
1.580035471e+16
1.581735205e+16
1.582759538e+16
1.584788461e+16
1.586386067e+16
1.587893455e+16
1.589325543e+16
1.590738857e+16
1.591539317e+16
1.592842972e+16
1.592797439e+16
1.593722497e+16
1.593540409e+16
1.594498304e+16
1.594489855e+16
1.595009238e+16
1.550430765e+16
1.552740765e+16
1.55475597e+16
1.5573898e+16
1.559868996e+16
1.562117418e+16
1.563745363e+16
1.566088849e+16
1.568092449e+16
1.570285316e+16
1.572621771e+16
1.574554713e+16
1.576364147e+16
1.577945044e+16
1.579810917e+16
1.581421356e+16
1.583799458e+16
1.584736349e+16
1.586240924e+16
1.587818527e+16
1.589524299e+16
1.59003002e+16
1.59063891e+16
1.59226724e+16
1.593204728e+16
1.593435693e+16
1.593930292e+16
1.594511441e+16
1.593990732e+16
1.594490887e+16
1.550544095e+16
1.552879812e+16
1.555135609e+16
1.556858944e+16
1.559763714e+16
1.562350037e+16
1.563965344e+16
1.565875046e+16
1.56788494e+16
1.57045185e+16
1.571927521e+16
1.574301721e+16
1.575969641e+16
1.577899109e+16
1.579257639e+16
1.581799421e+16
1.583423833e+16
1.584180072e+16
1.586476493e+16
1.587653599e+16
1.588982134e+16
1.589972531e+16
1.591234507e+16
1.591922691e+16
1.593115722e+16
1.593573067e+16
1.593583827e+16
1.594455231e+16
1.594027945e+16
1.594381228e+16
1.551109214e+16
1.553602474e+16
1.555856403e+16
1.557719678e+16
1.559450299e+16
1.562044097e+16
1.564265286e+16
1.566462833e+16
1.568023701e+16
1.570252806e+16
1.572471743e+16
1.573825257e+16
1.576032432e+16
1.578535428e+16
1.579957781e+16
1.581465109e+16
1.583489772e+16
1.584708756e+16
1.586346092e+16
1.587364918e+16
1.58945909e+16
1.590140106e+16
1.592096666e+16
1.592284834e+16
1.592679971e+16
1.593539483e+16
1.593952754e+16
1.594088072e+16
1.594619568e+16
1.594061619e+16
1.55112958e+16
1.552975752e+16
1.555453456e+16
1.557542819e+16
1.559667495e+16
1.562218809e+16
1.564033996e+16
1.566617878e+16
1.568059406e+16
1.570404211e+16
1.572354134e+16
1.574743627e+16
1.575589707e+16
1.578590016e+16
1.579882657e+16
1.581795742e+16
1.583312521e+16
1.584944586e+16
1.586202079e+16
1.588239477e+16
1.58910089e+16
1.590313047e+16
1.591062713e+16
1.592068295e+16
1.592630316e+16
1.593367051e+16
1.593815625e+16
1.594602259e+16
1.594806819e+16
1.594912133e+16
1.551205048e+16
1.55349238e+16
1.556402148e+16
1.55724405e+16
1.559828914e+16
1.561939265e+16
1.564342533e+16
1.566732977e+16
1.568262473e+16
1.57056922e+16
1.572838162e+16
1.574533364e+16
1.576230295e+16
1.577602315e+16
1.580366292e+16
1.581761069e+16
1.583389906e+16
1.584927958e+16
1.586902852e+16
1.58847834e+16
1.589519718e+16
1.590559728e+16
1.591596452e+16
1.59267171e+16
1.593022346e+16
1.593699189e+16
1.594562767e+16
1.594960165e+16
1.595582724e+16
1.595317734e+16
1.551560012e+16
1.553862341e+16
1.556212251e+16
1.557737773e+16
1.560172913e+16
1.561944772e+16
1.564292822e+16
1.566420153e+16
1.568647087e+16
1.570680591e+16
1.572344488e+16
1.574517285e+16
1.576566574e+16
1.578461966e+16
1.580856622e+16
1.582270723e+16
1.584089508e+16
1.585635181e+16
1.587209431e+16
1.588336826e+16
1.589752788e+16
1.591075087e+16
1.591593206e+16
1.59299727e+16
1.593476044e+16
1.594728185e+16
1.594757876e+16
1.595530103e+16
1.595809155e+16
1.595383427e+16
1.551818904e+16
1.553422369e+16
1.555715045e+16
1.558495601e+16
1.56073986e+16
1.562466482e+16
1.564626994e+16
1.567147447e+16
1.568699757e+16
1.570559345e+16
1.57264734e+16
1.575149973e+16
1.576689411e+16
1.578210418e+16
1.580551477e+16
1.582196188e+16
1.58431998e+16
1.585532668e+16
1.587230681e+16
1.58877003e+16
1.590370331e+16
1.591029809e+16
1.592430889e+16
1.593089964e+16
1.594105094e+16
1.595226e+16
1.595317645e+16
1.596061745e+16
1.596393754e+16
1.596704062e+16
1.551577025e+16
1.553480433e+16
1.555891511e+16
1.558005016e+16
1.560492768e+16
1.562678547e+16
1.564088517e+16
1.566584383e+16
1.569324659e+16
1.571136158e+16
1.573336016e+16
1.575189203e+16
1.577227035e+16
1.579569095e+16
1.580540454e+16
1.583180234e+16
1.584312645e+16
1.585811507e+16
1.58779476e+16
1.589013563e+16
1.590669281e+16
1.591640796e+16
1.592677471e+16
1.593660287e+16
1.595041641e+16
1.595668231e+16
1.596186188e+16
1.597020664e+16
1.597069401e+16
1.597454744e+16
1.551596791e+16
1.55323094e+16
1.556272044e+16
1.558384123e+16
1.560856976e+16
1.563149308e+16
1.564767664e+16
1.567256596e+16
1.569064546e+16
1.570868424e+16
1.57334054e+16
1.576021172e+16
1.577806217e+16
1.578897324e+16
1.581390125e+16
1.583555554e+16
1.584502592e+16
1.586824867e+16
1.588500311e+16
1.590127821e+16
1.591262673e+16
1.592254988e+16
1.59370091e+16
1.594888276e+16
1.59557593e+16
1.596012378e+16
1.596528415e+16
1.597729755e+16
1.597934806e+16
1.598202482e+16
1.551091423e+16
1.553912553e+16
1.556087955e+16
1.558828093e+16
1.560916678e+16
1.563317971e+16
1.564836954e+16
1.567548187e+16
1.569592206e+16
1.571662736e+16
1.57378515e+16
1.575950128e+16
1.578455821e+16
1.580149564e+16
1.581996457e+16
1.583616091e+16
1.585702563e+16
1.587481059e+16
1.588463883e+16
1.59048127e+16
1.591382707e+16
1.593360355e+16
1.594837304e+16
1.595068299e+16
1.595615127e+16
1.59699998e+16
1.597708866e+16
1.598702508e+16
1.598280337e+16
1.599304898e+16
1.552316012e+16
1.554329808e+16
1.556882252e+16
1.559204142e+16
1.561230624e+16
1.563662404e+16
1.565527941e+16
1.567969522e+16
1.569689998e+16
1.572022756e+16
1.573814546e+16
1.576158653e+16
1.577922505e+16
1.580246766e+16
1.582335776e+16
1.583955952e+16
1.586622341e+16
1.58813212e+16
1.589633892e+16
1.591087732e+16
1.592658974e+16
1.5940035e+16
1.594901316e+16
1.596977541e+16
1.59697523e+16
1.598132325e+16
1.598928833e+16
1.599441536e+16
1.599793803e+16
1.599596374e+16
1.552003433e+16
1.553961667e+16
1.556760308e+16
1.559362079e+16
1.560683354e+16
1.563575962e+16
1.566157278e+16
1.568726555e+16
1.570766591e+16
1.572798719e+16
1.574759509e+16
1.576911015e+16
1.57920478e+16
1.580732474e+16
1.583330401e+16
1.584985882e+16
1.587122555e+16
1.588290794e+16
1.590292682e+16
1.592368482e+16
1.592855854e+16
1.594592909e+16
1.596123453e+16
1.596791283e+16
1.598154541e+16
1.599486929e+16
1.600276799e+16
1.600556581e+16
1.600784593e+16
1.601259575e+16
1.55252711e+16
1.554407947e+16
1.556972292e+16
1.559251846e+16
1.561320173e+16
1.564225073e+16
1.566230649e+16
1.568579691e+16
1.570212445e+16
1.573179702e+16
1.575162373e+16
1.577499647e+16
1.5792605e+16
1.58160905e+16
1.583120942e+16
1.585527703e+16
1.587843211e+16
1.589528478e+16
1.591115612e+16
1.59230806e+16
1.593904429e+16
1.5954833e+16
1.597348553e+16
1.597942574e+16
1.599807128e+16
1.600492185e+16
1.600881559e+16
1.601659586e+16
1.601906236e+16
1.602411702e+16
1.551904306e+16
1.554827858e+16
1.557345686e+16
1.559450045e+16
1.561558938e+16
1.564577324e+16
1.566550889e+16
1.568639915e+16
1.571119391e+16
1.573763153e+16
1.575529473e+16
1.577901952e+16
1.580730057e+16
1.582139151e+16
1.58416532e+16
1.586090847e+16
1.58829626e+16
1.590342639e+16
1.591979386e+16
1.593789073e+16
1.595435891e+16
1.596603647e+16
1.597704834e+16
1.599348209e+16
1.600380254e+16
1.601497176e+16
1.602210094e+16
1.602973814e+16
1.603368761e+16
1.604130752e+16
1.551872836e+16
1.554834791e+16
1.557136465e+16
1.559580988e+16
1.562363813e+16
1.564789348e+16
1.566838242e+16
1.568942267e+16
1.571573138e+16
1.573328436e+16
1.576199572e+16
1.578411804e+16
1.580687327e+16
1.582525584e+16
1.585100695e+16
1.586677994e+16
1.588481241e+16
1.590745839e+16
1.592978879e+16
1.594827068e+16
1.596602958e+16
1.598389873e+16
1.59904813e+16
1.600625715e+16
1.602199916e+16
1.602821295e+16
1.603165284e+16
1.60385515e+16
1.604743771e+16
1.605950118e+16
1.552487823e+16
1.554826932e+16
1.557230634e+16
1.560133626e+16
1.562560309e+16
1.565058271e+16
1.567053226e+16
1.569786882e+16
1.572705598e+16
1.574617307e+16
1.576493672e+16
1.579017743e+16
1.58203127e+16
1.583666698e+16
1.585407037e+16
1.587950934e+16
1.590179607e+16
1.591779908e+16
1.59423938e+16
1.595916651e+16
1.597825942e+16
1.598942216e+16
1.600500298e+16
1.601646016e+16
1.603224494e+16
1.604227193e+16
1.605675656e+16
1.606103687e+16
1.606531038e+16
1.607329513e+16
1.55322331e+16
1.554805681e+16
1.557184652e+16
1.55996683e+16
1.563085393e+16
1.565244767e+16
1.567424947e+16
1.570012518e+16
1.572808406e+16
1.574702462e+16
1.576636307e+16
1.579412674e+16
1.581895894e+16
1.58383382e+16
1.586835685e+16
1.589086426e+16
1.590533824e+16
1.592952277e+16
1.594907307e+16
1.597325629e+16
1.59864556e+16
1.600957863e+16
1.602087028e+16
1.603284868e+16
1.604944233e+16
1.605292271e+16
1.60673267e+16
1.607454792e+16
1.608255742e+16
1.608766322e+16
1.552833337e+16
1.555382504e+16
1.557803761e+16
1.560018066e+16
1.563160527e+16
1.565612958e+16
1.568143775e+16
1.570512288e+16
1.573166713e+16
1.575553165e+16
1.578506221e+16
1.580537111e+16
1.582427036e+16
1.585048927e+16
1.587736099e+16
1.589608422e+16
1.5916648e+16
1.594093088e+16
1.596020876e+16
1.597930233e+16
1.599771668e+16
1.601505379e+16
1.60304753e+16
1.604887588e+16
1.606042755e+16
1.607671447e+16
1.608293989e+16
1.609322493e+16
1.610475505e+16
1.610923344e+16
1.552964878e+16
1.554879889e+16
1.558778627e+16
1.560811051e+16
1.563328699e+16
1.565962324e+16
1.568774545e+16
1.571393683e+16
1.573862929e+16
1.576601445e+16
1.578530176e+16
1.581036989e+16
1.583683997e+16
1.58637866e+16
1.588166351e+16
1.591047461e+16
1.592715784e+16
1.595599933e+16
1.59775371e+16
1.599124943e+16
1.601035462e+16
1.602383281e+16
1.604824569e+16
1.606075709e+16
1.607434542e+16
1.609562709e+16
1.610112085e+16
1.61112156e+16
1.612467815e+16
1.613267076e+16
1.55339526e+16
1.554846247e+16
1.558040714e+16
1.560899205e+16
1.563507426e+16
1.56666762e+16
1.569114897e+16
1.571257127e+16
1.574004779e+16
1.576835882e+16
1.579106348e+16
1.581767215e+16
1.583877721e+16
1.586612557e+16
1.58964648e+16
1.591631355e+16
1.594319921e+16
1.596566966e+16
1.598907641e+16
1.60112279e+16
1.602756478e+16
1.604410877e+16
1.606275342e+16
1.608014208e+16
1.609728151e+16
1.610831059e+16
1.611308204e+16
1.612946081e+16
1.614505539e+16
1.614773806e+16
1.495578202e+16
1.495887782e+16
1.49664801e+16
1.497144044e+16
1.498190939e+16
1.49900791e+16
1.500280692e+16
1.501124076e+16
1.503417587e+16
1.505064561e+16
1.506225687e+16
1.507818073e+16
1.509483583e+16
1.511424853e+16
1.513453186e+16
1.515336967e+16
1.518603042e+16
1.520184856e+16
1.522291134e+16
1.525114034e+16
1.527253296e+16
1.530178905e+16
1.531984266e+16
1.534594486e+16
1.537121272e+16
1.540051856e+16
1.54205703e+16
1.545312723e+16
1.548061916e+16
1.550273066e+16
1.494078503e+16
1.494436024e+16
1.494791479e+16
1.49545017e+16
1.496592308e+16
1.497533289e+16
1.498714612e+16
1.499957066e+16
1.501626748e+16
1.503346692e+16
1.505230431e+16
1.50731177e+16
1.509146428e+16
1.511174041e+16
1.513071237e+16
1.514845218e+16
1.517436376e+16
1.519824787e+16
1.522287995e+16
1.524424029e+16
1.526644325e+16
1.529053003e+16
1.532346073e+16
1.534360835e+16
1.536771332e+16
1.539723453e+16
1.542804138e+16
1.54467897e+16
1.547659904e+16
1.55052532e+16
1.491857059e+16
1.492524701e+16
1.493203108e+16
1.494523687e+16
1.494890157e+16
1.496305732e+16
1.497530769e+16
1.498847963e+16
1.500557227e+16
1.5019641e+16
1.503899075e+16
1.505911871e+16
1.507695391e+16
1.509486346e+16
1.512081176e+16
1.514369089e+16
1.516435105e+16
1.519350281e+16
1.521464672e+16
1.524125849e+16
1.526321658e+16
1.528994136e+16
1.531344555e+16
1.534434633e+16
1.536716007e+16
1.539686665e+16
1.542627608e+16
1.545265076e+16
1.547890458e+16
1.550603494e+16
1.490119366e+16
1.490574098e+16
1.491403213e+16
1.49280876e+16
1.493163477e+16
1.494926149e+16
1.496315564e+16
1.498008078e+16
1.499792966e+16
1.500915191e+16
1.502911777e+16
1.504575508e+16
1.507097672e+16
1.508951761e+16
1.511013875e+16
1.51313038e+16
1.515898603e+16
1.518729747e+16
1.520624885e+16
1.522928984e+16
1.526038681e+16
1.528521262e+16
1.531590015e+16
1.534168668e+16
1.536532157e+16
1.540061543e+16
1.542109691e+16
1.544955301e+16
1.547395702e+16
1.550486271e+16
1.48776154e+16
1.488790487e+16
1.489602246e+16
1.490422414e+16
1.491533525e+16
1.49348752e+16
1.494643767e+16
1.49632979e+16
1.498277042e+16
1.499837229e+16
1.50152522e+16
1.503725405e+16
1.506017449e+16
1.508238942e+16
1.510863519e+16
1.513009822e+16
1.515194141e+16
1.517671994e+16
1.520010751e+16
1.523315278e+16
1.525955e+16
1.528975952e+16
1.531309014e+16
1.533750479e+16
1.536460869e+16
1.539058467e+16
1.542177015e+16
1.545400992e+16
1.547857619e+16
1.550892872e+16
1.485937297e+16
1.486777183e+16
1.487567404e+16
1.488620985e+16
1.489882806e+16
1.491905935e+16
1.49284352e+16
1.494751058e+16
1.496909349e+16
1.498691395e+16
1.500040058e+16
1.502639706e+16
1.504901954e+16
1.506839928e+16
1.509750581e+16
1.51197418e+16
1.514439658e+16
1.517323562e+16
1.520001892e+16
1.523054714e+16
1.525675949e+16
1.527962879e+16
1.53085447e+16
1.533504223e+16
1.536563578e+16
1.539058755e+16
1.54191832e+16
1.545010618e+16
1.547636146e+16
1.550979354e+16
1.483972335e+16
1.484635207e+16
1.486344431e+16
1.487198771e+16
1.488295035e+16
1.489796216e+16
1.491160455e+16
1.492754431e+16
1.495150267e+16
1.496817744e+16
1.49877696e+16
1.50142873e+16
1.503804168e+16
1.50629964e+16
1.508543096e+16
1.511578355e+16
1.514019936e+16
1.516892335e+16
1.519156991e+16
1.521612242e+16
1.524813887e+16
1.527508148e+16
1.530848571e+16
1.533422109e+16
1.536508212e+16
1.539337455e+16
1.541945905e+16
1.545262568e+16
1.548107743e+16
1.551052963e+16
1.481973161e+16
1.482865168e+16
1.48333637e+16
1.48484065e+16
1.486167081e+16
1.487510818e+16
1.489675016e+16
1.490895589e+16
1.49329108e+16
1.495750993e+16
1.497863966e+16
1.500664773e+16
1.502577071e+16
1.505105341e+16
1.508007832e+16
1.510573511e+16
1.513308936e+16
1.515945266e+16
1.519109107e+16
1.521898473e+16
1.523805699e+16
1.527566965e+16
1.530335826e+16
1.533158709e+16
1.536177694e+16
1.539547128e+16
1.541843638e+16
1.544661071e+16
1.548083265e+16
1.550816804e+16
1.479941172e+16
1.480696288e+16
1.481177079e+16
1.48271032e+16
1.484383699e+16
1.485855673e+16
1.488103855e+16
1.489379008e+16
1.491382903e+16
1.493765078e+16
1.496738785e+16
1.499592498e+16
1.501548362e+16
1.504652715e+16
1.50655645e+16
1.509928086e+16
1.512224565e+16
1.515166589e+16
1.517981565e+16
1.520939438e+16
1.52461981e+16
1.527095999e+16
1.530210285e+16
1.532821586e+16
1.535981298e+16
1.53941952e+16
1.54240983e+16
1.544924618e+16
1.548559966e+16
1.551250875e+16
1.477168975e+16
1.478178648e+16
1.479544856e+16
1.480583637e+16
1.482376501e+16
1.483907676e+16
1.486129109e+16
1.487822951e+16
1.491197284e+16
1.492782941e+16
1.495302311e+16
1.49816281e+16
1.50097036e+16
1.503751317e+16
1.506650612e+16
1.509345906e+16
1.51227472e+16
1.514863255e+16
1.517752725e+16
1.52084326e+16
1.523745849e+16
1.527164494e+16
1.53008013e+16
1.53307339e+16
1.535856011e+16
1.539295954e+16
1.54214775e+16
1.544776221e+16
1.548845451e+16
1.551436495e+16
1.474251389e+16
1.475945125e+16
1.476794057e+16
1.478320415e+16
1.480127341e+16
1.482212179e+16
1.484711525e+16
1.486560599e+16
1.489071838e+16
1.491432033e+16
1.494144053e+16
1.497223067e+16
1.499305644e+16
1.503163342e+16
1.505604316e+16
1.508729313e+16
1.511853237e+16
1.514392405e+16
1.517894836e+16
1.52083132e+16
1.523821631e+16
1.527210673e+16
1.529610902e+16
1.532881042e+16
1.536385194e+16
1.539284358e+16
1.541996559e+16
1.54526056e+16
1.549172101e+16
1.551275814e+16
1.472000985e+16
1.473211175e+16
1.474483269e+16
1.47591281e+16
1.47844948e+16
1.479933157e+16
1.482279041e+16
1.485052327e+16
1.488046178e+16
1.48986815e+16
1.492937985e+16
1.496236792e+16
1.499124048e+16
1.501872799e+16
1.504424997e+16
1.508244285e+16
1.511111931e+16
1.514619467e+16
1.517324102e+16
1.520379679e+16
1.523307296e+16
1.526430079e+16
1.529980903e+16
1.533014729e+16
1.536135645e+16
1.539358253e+16
1.542605235e+16
1.54609144e+16
1.548734423e+16
1.551515561e+16
1.469475919e+16
1.470304938e+16
1.471623352e+16
1.473753281e+16
1.475627032e+16
1.478461133e+16
1.480836274e+16
1.483496319e+16
1.4861563e+16
1.489335484e+16
1.492327187e+16
1.494855537e+16
1.497954425e+16
1.501242971e+16
1.504049333e+16
1.507501954e+16
1.51082256e+16
1.51397946e+16
1.517529636e+16
1.520424473e+16
1.523635363e+16
1.526968156e+16
1.530484166e+16
1.533586044e+16
1.536428162e+16
1.539539103e+16
1.542483439e+16
1.545773944e+16
1.548966509e+16
1.552099463e+16
1.466420361e+16
1.467843754e+16
1.469652255e+16
1.471452247e+16
1.473624708e+16
1.476069919e+16
1.478650348e+16
1.482153524e+16
1.485033987e+16
1.488115713e+16
1.491140017e+16
1.494073485e+16
1.497473296e+16
1.501176844e+16
1.504134898e+16
1.507464838e+16
1.510496222e+16
1.513859443e+16
1.517624397e+16
1.520473652e+16
1.52413834e+16
1.527188793e+16
1.529826221e+16
1.532819382e+16
1.536428759e+16
1.539489646e+16
1.542435456e+16
1.545792588e+16
1.549157251e+16
1.552246394e+16
1.463538553e+16
1.464453819e+16
1.466852513e+16
1.468811033e+16
1.471213564e+16
1.473566432e+16
1.477197541e+16
1.480561368e+16
1.483979021e+16
1.486776982e+16
1.490060465e+16
1.493256948e+16
1.497222665e+16
1.499915705e+16
1.503552659e+16
1.507179443e+16
1.510701797e+16
1.513992441e+16
1.517514836e+16
1.520426292e+16
1.52357744e+16
1.527217991e+16
1.530282664e+16
1.533946612e+16
1.536708484e+16
1.540345307e+16
1.542853301e+16
1.546245492e+16
1.549379248e+16
1.55239434e+16
1.460512095e+16
1.461896793e+16
1.463695261e+16
1.466658879e+16
1.46964964e+16
1.471972072e+16
1.475330037e+16
1.478666377e+16
1.482144608e+16
1.485672215e+16
1.48963794e+16
1.492808462e+16
1.496663742e+16
1.500401807e+16
1.503445861e+16
1.507298142e+16
1.510578231e+16
1.513959398e+16
1.516904824e+16
1.520580394e+16
1.523821327e+16
1.527352719e+16
1.530537713e+16
1.533556394e+16
1.53714689e+16
1.53987494e+16
1.543253453e+16
1.546194846e+16
1.549383429e+16
1.552571798e+16
1.45726949e+16
1.45876964e+16
1.461381687e+16
1.463978e+16
1.466614977e+16
1.470477879e+16
1.473627016e+16
1.477480781e+16
1.481683689e+16
1.484989143e+16
1.488774265e+16
1.492459848e+16
1.495953429e+16
1.500181237e+16
1.503396353e+16
1.506958872e+16
1.510771382e+16
1.514025149e+16
1.51678402e+16
1.520743354e+16
1.524170152e+16
1.527691858e+16
1.530737699e+16
1.533882159e+16
1.537268497e+16
1.540476454e+16
1.543362669e+16
1.547347662e+16
1.549532621e+16
1.552343555e+16
1.454175757e+16
1.455501647e+16
1.458495554e+16
1.461670704e+16
1.46467189e+16
1.468793528e+16
1.471957219e+16
1.475990358e+16
1.47995474e+16
1.483875811e+16
1.487950597e+16
1.492295562e+16
1.495887729e+16
1.499781912e+16
1.503613582e+16
1.507310286e+16
1.51087178e+16
1.513980591e+16
1.518168611e+16
1.521574577e+16
1.52488125e+16
1.528311008e+16
1.531301285e+16
1.534491917e+16
1.53788273e+16
1.540763209e+16
1.544354188e+16
1.546434897e+16
1.550110812e+16
1.552406928e+16
1.450845817e+16
1.453123751e+16
1.456013513e+16
1.459187288e+16
1.463014591e+16
1.466795376e+16
1.471027007e+16
1.474823831e+16
1.480071078e+16
1.483729774e+16
1.487499751e+16
1.49203181e+16
1.496160036e+16
1.500306072e+16
1.503943812e+16
1.507861294e+16
1.511745348e+16
1.515476955e+16
1.518631356e+16
1.522618422e+16
1.52568475e+16
1.528522639e+16
1.531918328e+16
1.534938091e+16
1.538292323e+16
1.541013045e+16
1.544047461e+16
1.547507508e+16
1.550361435e+16
1.55324878e+16
1.447823005e+16
1.449844267e+16
1.453284547e+16
1.456345818e+16
1.460863182e+16
1.465733002e+16
1.469896236e+16
1.474542436e+16
1.479354816e+16
1.483628885e+16
1.48838852e+16
1.49272719e+16
1.496755945e+16
1.501657685e+16
1.505119985e+16
1.509168358e+16
1.512610958e+16
1.516160879e+16
1.518947631e+16
1.523044938e+16
1.526465786e+16
1.529646002e+16
1.532562621e+16
1.535683037e+16
1.538373807e+16
1.541978718e+16
1.544994547e+16
1.547594105e+16
1.550840562e+16
1.553568743e+16
1.444183134e+16
1.447142427e+16
1.451204174e+16
1.454945378e+16
1.458971134e+16
1.464596561e+16
1.469168993e+16
1.474650848e+16
1.47908314e+16
1.483857126e+16
1.488674588e+16
1.492937387e+16
1.497660825e+16
1.501897187e+16
1.50538363e+16
1.509139242e+16
1.51325361e+16
1.517106374e+16
1.520668696e+16
1.524109377e+16
1.526850883e+16
1.530185003e+16
1.533250216e+16
1.536600358e+16
1.539212159e+16
1.54249279e+16
1.545376792e+16
1.548178295e+16
1.550823099e+16
1.553742847e+16
1.440432144e+16
1.443510234e+16
1.448153867e+16
1.452159856e+16
1.4576391e+16
1.463784849e+16
1.468955346e+16
1.474550099e+16
1.479861612e+16
1.485022964e+16
1.489427097e+16
1.494738708e+16
1.498888963e+16
1.503392715e+16
1.507166315e+16
1.511428582e+16
1.515021102e+16
1.518487237e+16
1.521640801e+16
1.525015102e+16
1.52845788e+16
1.532034019e+16
1.533991464e+16
1.537172852e+16
1.540119654e+16
1.542667887e+16
1.546060216e+16
1.549009281e+16
1.551311265e+16
1.553462624e+16
1.436883647e+16
1.440264972e+16
1.445466892e+16
1.451519957e+16
1.456830445e+16
1.463314589e+16
1.46972645e+16
1.47516543e+16
1.481179789e+16
1.486423749e+16
1.491384248e+16
1.496339912e+16
1.501137794e+16
1.504888891e+16
1.508972413e+16
1.513198391e+16
1.516373011e+16
1.519908329e+16
1.523263837e+16
1.526551942e+16
1.528737278e+16
1.532421148e+16
1.5351254e+16
1.538720755e+16
1.540875367e+16
1.543952677e+16
1.546125916e+16
1.549409194e+16
1.552079221e+16
1.554440589e+16
1.433004906e+16
1.437373725e+16
1.443072564e+16
1.449808757e+16
1.457071964e+16
1.463518885e+16
1.471129381e+16
1.477401116e+16
1.483173062e+16
1.488896339e+16
1.493511463e+16
1.498243204e+16
1.50281623e+16
1.507423143e+16
1.511167878e+16
1.514323803e+16
1.518627677e+16
1.521834288e+16
1.525058609e+16
1.527945726e+16
1.531117083e+16
1.533058688e+16
1.536481028e+16
1.538775277e+16
1.542359971e+16
1.544820286e+16
1.547104455e+16
1.549808304e+16
1.552257803e+16
1.555116973e+16
1.428833801e+16
1.434253303e+16
1.441410839e+16
1.449385495e+16
1.45782644e+16
1.465641339e+16
1.47282823e+16
1.479401086e+16
1.486110129e+16
1.491132771e+16
1.496524056e+16
1.500910568e+16
1.505977219e+16
1.50983059e+16
1.513854469e+16
1.516766162e+16
1.520801613e+16
1.52375652e+16
1.526688669e+16
1.529166243e+16
1.532627117e+16
1.53488661e+16
1.53761107e+16
1.540138289e+16
1.542938662e+16
1.545687167e+16
1.5477718e+16
1.549984188e+16
1.552823314e+16
1.554840879e+16
1.424923162e+16
1.431633346e+16
1.441205116e+16
1.450536443e+16
1.460309814e+16
1.468349328e+16
1.476580751e+16
1.483914131e+16
1.489220924e+16
1.495066389e+16
1.499780199e+16
1.504793934e+16
1.508646018e+16
1.512487735e+16
1.515919352e+16
1.519858419e+16
1.522967985e+16
1.525545851e+16
1.529236853e+16
1.531443938e+16
1.534273558e+16
1.536437758e+16
1.539032162e+16
1.541914296e+16
1.544061779e+16
1.546754671e+16
1.548271924e+16
1.551213268e+16
1.553618512e+16
1.555238286e+16
1.420405447e+16
1.430314334e+16
1.442121651e+16
1.454250202e+16
1.46454031e+16
1.473984728e+16
1.481687025e+16
1.48861401e+16
1.494179145e+16
1.499567273e+16
1.504319682e+16
1.509193329e+16
1.512242112e+16
1.516208427e+16
1.519216635e+16
1.522416716e+16
1.525757827e+16
1.52818695e+16
1.531131539e+16
1.533447686e+16
1.535992115e+16
1.538450947e+16
1.540726479e+16
1.543055098e+16
1.544847076e+16
1.54734894e+16
1.549707455e+16
1.552326436e+16
1.553707158e+16
1.556219037e+16
1.416852221e+16
1.431360834e+16
1.447518237e+16
1.461539124e+16
1.472343951e+16
1.481689044e+16
1.488571174e+16
1.49494833e+16
1.500630639e+16
1.505006883e+16
1.509106403e+16
1.513067638e+16
1.51684513e+16
1.519611878e+16
1.523145966e+16
1.525830738e+16
1.528145114e+16
1.5314985e+16
1.533520401e+16
1.536288181e+16
1.538411561e+16
1.540215782e+16
1.54257515e+16
1.544733787e+16
1.546522371e+16
1.548678123e+16
1.550521772e+16
1.552833141e+16
1.554541733e+16
1.55691554e+16
1.414886727e+16
1.439609822e+16
1.459725814e+16
1.473576963e+16
1.48414405e+16
1.491484107e+16
1.497416948e+16
1.502739687e+16
1.507210085e+16
1.511325577e+16
1.514222381e+16
1.518040824e+16
1.520928769e+16
1.524026729e+16
1.527411192e+16
1.528837585e+16
1.531830468e+16
1.534156728e+16
1.536331156e+16
1.538713978e+16
1.540309904e+16
1.542512703e+16
1.544469806e+16
1.54633145e+16
1.547910322e+16
1.550154876e+16
1.552033485e+16
1.554126093e+16
1.555165275e+16
1.556712276e+16
1.432531735e+16
1.467912242e+16
1.482711009e+16
1.491618778e+16
1.498818653e+16
1.503755737e+16
1.508072875e+16
1.511961551e+16
1.51543575e+16
1.518261887e+16
1.521249313e+16
1.523697711e+16
1.526068233e+16
1.52877863e+16
1.530755285e+16
1.533257682e+16
1.535838858e+16
1.536789714e+16
1.538598853e+16
1.540649477e+16
1.543138049e+16
1.544773221e+16
1.546068289e+16
1.548003984e+16
1.549609311e+16
1.551404641e+16
1.552580206e+16
1.554520582e+16
1.556090709e+16
1.557705271e+16
1.553274496e+16
1.555893043e+16
1.55835339e+16
1.561277771e+16
1.563714484e+16
1.567010341e+16
1.569083723e+16
1.571988394e+16
1.574444414e+16
1.577405574e+16
1.579961182e+16
1.582352838e+16
1.58491724e+16
1.588152977e+16
1.590307286e+16
1.59302923e+16
1.595349654e+16
1.597684813e+16
1.599717777e+16
1.601639967e+16
1.604024052e+16
1.605371919e+16
1.607749235e+16
1.60919927e+16
1.611595852e+16
1.612968069e+16
1.613989729e+16
1.615591121e+16
1.616625584e+16
1.616786905e+16
1.553000083e+16
1.556237787e+16
1.558303982e+16
1.560928028e+16
1.563787314e+16
1.566427527e+16
1.569881674e+16
1.572518562e+16
1.575690703e+16
1.578450362e+16
1.580552617e+16
1.583518292e+16
1.586071187e+16
1.588834787e+16
1.591128642e+16
1.59388417e+16
1.596080635e+16
1.599045277e+16
1.601133804e+16
1.60309248e+16
1.605795927e+16
1.60768251e+16
1.609676884e+16
1.611640458e+16
1.613662064e+16
1.614912682e+16
1.615975547e+16
1.617254625e+16
1.618483361e+16
1.619335678e+16
1.55341011e+16
1.556116524e+16
1.559085691e+16
1.561612476e+16
1.564426869e+16
1.567389102e+16
1.56990217e+16
1.573689061e+16
1.575711397e+16
1.578513636e+16
1.581461479e+16
1.584555195e+16
1.587169603e+16
1.589612118e+16
1.591981893e+16
1.594718195e+16
1.597647402e+16
1.600125698e+16
1.602825515e+16
1.604584212e+16
1.606963478e+16
1.609158459e+16
1.610877132e+16
1.613023671e+16
1.615005154e+16
1.617037487e+16
1.618314295e+16
1.619972579e+16
1.620800229e+16
1.621461959e+16
1.553739259e+16
1.556127047e+16
1.558919887e+16
1.561989615e+16
1.565801192e+16
1.567587654e+16
1.570730156e+16
1.573645399e+16
1.576222871e+16
1.579109734e+16
1.582332687e+16
1.58486089e+16
1.588033581e+16
1.590602909e+16
1.593513562e+16
1.595478622e+16
1.599006038e+16
1.60104578e+16
1.603633686e+16
1.60664663e+16
1.608564674e+16
1.610673901e+16
1.613600895e+16
1.615493076e+16
1.617998865e+16
1.619017641e+16
1.620796729e+16
1.621993446e+16
1.622993095e+16
1.624197672e+16
1.553500543e+16
1.55691477e+16
1.55967029e+16
1.562692519e+16
1.565350255e+16
1.568095941e+16
1.571326605e+16
1.574131853e+16
1.576674758e+16
1.580026038e+16
1.582585335e+16
1.58531199e+16
1.588498991e+16
1.591149353e+16
1.594350407e+16
1.597333546e+16
1.600612948e+16
1.602713857e+16
1.605520227e+16
1.608076474e+16
1.609967917e+16
1.61231159e+16
1.615222359e+16
1.61722945e+16
1.619003678e+16
1.620389121e+16
1.62328571e+16
1.624533467e+16
1.625632884e+16
1.626216729e+16
1.553902505e+16
1.557241551e+16
1.559872323e+16
1.562584778e+16
1.565679691e+16
1.569243528e+16
1.571523132e+16
1.574417575e+16
1.577324246e+16
1.580289979e+16
1.583304006e+16
1.586320031e+16
1.58975859e+16
1.592133986e+16
1.594912568e+16
1.598295907e+16
1.600822553e+16
1.604250728e+16
1.606614955e+16
1.609588417e+16
1.612135993e+16
1.614490091e+16
1.616670133e+16
1.619434995e+16
1.622100589e+16
1.623664571e+16
1.625380571e+16
1.627282004e+16
1.628942607e+16
1.629363155e+16
1.554001928e+16
1.556868197e+16
1.559742759e+16
1.563022742e+16
1.56594123e+16
1.569485546e+16
1.57205516e+16
1.575432165e+16
1.578030534e+16
1.581419086e+16
1.584026864e+16
1.587234853e+16
1.590652612e+16
1.59298946e+16
1.596858597e+16
1.598803349e+16
1.602597125e+16
1.605491601e+16
1.608480051e+16
1.611228457e+16
1.613710538e+16
1.616549951e+16
1.618963456e+16
1.621439243e+16
1.623508839e+16
1.625548252e+16
1.62739485e+16
1.629401508e+16
1.631158731e+16
1.632924689e+16
1.553656856e+16
1.557284534e+16
1.560154031e+16
1.563277012e+16
1.566640398e+16
1.569324029e+16
1.572742525e+16
1.5758368e+16
1.579152176e+16
1.581875645e+16
1.585203775e+16
1.587824812e+16
1.591155833e+16
1.594502845e+16
1.597042357e+16
1.600076043e+16
1.603648748e+16
1.606809778e+16
1.609770593e+16
1.612990892e+16
1.615654462e+16
1.618823713e+16
1.62081548e+16
1.623897247e+16
1.625885957e+16
1.628178355e+16
1.630378195e+16
1.632543871e+16
1.633753088e+16
1.635700583e+16
1.554326406e+16
1.557613183e+16
1.560234761e+16
1.563243076e+16
1.566766019e+16
1.56961162e+16
1.572913189e+16
1.576098575e+16
1.578907003e+16
1.581724535e+16
1.585486546e+16
1.588745722e+16
1.592096952e+16
1.595276783e+16
1.598245507e+16
1.602025163e+16
1.604822691e+16
1.607882429e+16
1.611154398e+16
1.613800627e+16
1.617336585e+16
1.620551711e+16
1.62269753e+16
1.625568748e+16
1.628362038e+16
1.630609298e+16
1.63336216e+16
1.635127833e+16
1.637532193e+16
1.638624756e+16
1.554197677e+16
1.55757129e+16
1.560787145e+16
1.563520104e+16
1.566915204e+16
1.570536718e+16
1.573122114e+16
1.57695803e+16
1.579171001e+16
1.583283394e+16
1.586259461e+16
1.589335819e+16
1.592674561e+16
1.596200259e+16
1.599511162e+16
1.603472209e+16
1.605722959e+16
1.609628531e+16
1.613044226e+16
1.615912658e+16
1.619445665e+16
1.622257001e+16
1.624841128e+16
1.628186449e+16
1.63049708e+16
1.633524483e+16
1.636277837e+16
1.638058901e+16
1.640520102e+16
1.642258573e+16
1.555045537e+16
1.558043533e+16
1.56000937e+16
1.564356899e+16
1.5668597e+16
1.570389558e+16
1.573005982e+16
1.576350486e+16
1.580363104e+16
1.583754901e+16
1.586923915e+16
1.590018466e+16
1.593936046e+16
1.59724431e+16
1.600200494e+16
1.604129138e+16
1.606877742e+16
1.611202594e+16
1.613883825e+16
1.617630741e+16
1.620906486e+16
1.623679322e+16
1.627580489e+16
1.630542524e+16
1.63340957e+16
1.636687793e+16
1.638678608e+16
1.64204105e+16
1.643543274e+16
1.645240147e+16
1.555310804e+16
1.557708672e+16
1.561005414e+16
1.564079863e+16
1.567088678e+16
1.570967158e+16
1.573801851e+16
1.576837071e+16
1.580074562e+16
1.583584516e+16
1.586983992e+16
1.590670559e+16
1.594244927e+16
1.597721454e+16
1.601170232e+16
1.604802375e+16
1.608414219e+16
1.612022457e+16
1.615187282e+16
1.619200803e+16
1.622466027e+16
1.6262357e+16
1.629184084e+16
1.632493167e+16
1.635348068e+16
1.638480598e+16
1.641931439e+16
1.644404727e+16
1.647059415e+16
1.64916352e+16
1.554854254e+16
1.558133656e+16
1.561468701e+16
1.564602548e+16
1.567308471e+16
1.571243843e+16
1.574365938e+16
1.577244794e+16
1.580880175e+16
1.583777953e+16
1.587713194e+16
1.590789454e+16
1.594939513e+16
1.598298521e+16
1.601867865e+16
1.605728997e+16
1.609452017e+16
1.613320024e+16
1.616328978e+16
1.620965196e+16
1.624545702e+16
1.628013467e+16
1.631496043e+16
1.63503131e+16
1.639078554e+16
1.641700986e+16
1.645142977e+16
1.647860004e+16
1.650046587e+16
1.652024716e+16
1.55507735e+16
1.558471516e+16
1.561381234e+16
1.565199686e+16
1.567539141e+16
1.571342979e+16
1.574118864e+16
1.577174342e+16
1.581827457e+16
1.585050009e+16
1.587965744e+16
1.591422388e+16
1.594802286e+16
1.598666426e+16
1.602837374e+16
1.606558368e+16
1.610317135e+16
1.61484462e+16
1.61798186e+16
1.621804746e+16
1.625212564e+16
1.629433331e+16
1.633437263e+16
1.637431098e+16
1.640947738e+16
1.644317025e+16
1.648034273e+16
1.651118705e+16
1.653749447e+16
1.656291318e+16
1.555534334e+16
1.558439202e+16
1.561596594e+16
1.564818358e+16
1.567890702e+16
1.570496546e+16
1.574600531e+16
1.577775543e+16
1.581010035e+16
1.584775726e+16
1.588323157e+16
1.59157766e+16
1.595596876e+16
1.599560537e+16
1.602907138e+16
1.606693137e+16
1.611012105e+16
1.615056734e+16
1.618951205e+16
1.623339356e+16
1.627330485e+16
1.631613305e+16
1.635640299e+16
1.640027647e+16
1.643679852e+16
1.647194783e+16
1.650920685e+16
1.654407234e+16
1.657195076e+16
1.660054984e+16
1.555531876e+16
1.55879146e+16
1.561733338e+16
1.564711018e+16
1.568191282e+16
1.571174856e+16
1.574438317e+16
1.57804495e+16
1.581070908e+16
1.584702905e+16
1.58840478e+16
1.592057469e+16
1.596165732e+16
1.599432546e+16
1.603278181e+16
1.607043823e+16
1.61138718e+16
1.615778954e+16
1.620747263e+16
1.624386791e+16
1.628519385e+16
1.633701389e+16
1.638135665e+16
1.641550268e+16
1.64675081e+16
1.650546701e+16
1.654359637e+16
1.657665779e+16
1.66112549e+16
1.663926442e+16
1.555932822e+16
1.558806909e+16
1.562121647e+16
1.565062106e+16
1.568149496e+16
1.571783942e+16
1.574745151e+16
1.577945044e+16
1.581846978e+16
1.585242856e+16
1.588445306e+16
1.592308248e+16
1.595728367e+16
1.599662575e+16
1.604011325e+16
1.608248907e+16
1.61215032e+16
1.616356275e+16
1.620522364e+16
1.625360528e+16
1.629933643e+16
1.634921718e+16
1.639575147e+16
1.64445012e+16
1.648794649e+16
1.652659971e+16
1.657800614e+16
1.661928497e+16
1.665371735e+16
1.668875337e+16
1.556368762e+16
1.559269302e+16
1.562427186e+16
1.565343256e+16
1.568402077e+16
1.571887635e+16
1.575100156e+16
1.577607232e+16
1.581104541e+16
1.584610955e+16
1.588338548e+16
1.592109934e+16
1.596143262e+16
1.59958473e+16
1.604061323e+16
1.608066328e+16
1.612023695e+16
1.617744161e+16
1.621441848e+16
1.625954255e+16
1.631325804e+16
1.636414778e+16
1.640491091e+16
1.646122409e+16
1.650910555e+16
1.655747736e+16
1.660782957e+16
1.664622602e+16
1.668676885e+16
1.672295301e+16
1.556399641e+16
1.55917278e+16
1.562211867e+16
1.565612072e+16
1.568407338e+16
1.571347051e+16
1.575125429e+16
1.578144421e+16
1.580802288e+16
1.584273546e+16
1.588623147e+16
1.592120112e+16
1.596482047e+16
1.599805014e+16
1.603917056e+16
1.608318672e+16
1.613063214e+16
1.617147376e+16
1.621602096e+16
1.626712959e+16
1.631664492e+16
1.636476635e+16
1.642080436e+16
1.647754631e+16
1.653295139e+16
1.658623683e+16
1.663720614e+16
1.66871223e+16
1.673729915e+16
1.677534982e+16
1.556312913e+16
1.560025115e+16
1.562140972e+16
1.565614195e+16
1.568324348e+16
1.571637463e+16
1.574854949e+16
1.577307693e+16
1.581060787e+16
1.584604178e+16
1.587743001e+16
1.591616268e+16
1.59555386e+16
1.599337361e+16
1.603073638e+16
1.607284522e+16
1.612484533e+16
1.616886337e+16
1.62191783e+16
1.626593976e+16
1.631655848e+16
1.637978073e+16
1.643454473e+16
1.649270475e+16
1.655298955e+16
1.661677981e+16
1.667418163e+16
1.672285869e+16
1.677936283e+16
1.682126014e+16
1.556299628e+16
1.559745275e+16
1.561960998e+16
1.565226574e+16
1.567889473e+16
1.571861624e+16
1.573963672e+16
1.577617459e+16
1.58056504e+16
1.584069045e+16
1.587557618e+16
1.591034374e+16
1.594859216e+16
1.59870654e+16
1.602778409e+16
1.607060933e+16
1.611326946e+16
1.616147931e+16
1.621521161e+16
1.627009754e+16
1.632375944e+16
1.638095581e+16
1.644686337e+16
1.65032154e+16
1.656682511e+16
1.6640688e+16
1.669503534e+16
1.676153481e+16
1.68201302e+16
1.687256921e+16
1.557052137e+16
1.559148146e+16
1.562695658e+16
1.565456939e+16
1.568158141e+16
1.570378241e+16
1.573689251e+16
1.577397715e+16
1.580328676e+16
1.583572272e+16
1.587207129e+16
1.590696325e+16
1.594102922e+16
1.598310126e+16
1.602303863e+16
1.606356563e+16
1.610877181e+16
1.615465835e+16
1.62075459e+16
1.626404709e+16
1.631673687e+16
1.638020891e+16
1.644763732e+16
1.650907557e+16
1.658406191e+16
1.665730869e+16
1.672700909e+16
1.679466999e+16
1.686064541e+16
1.691602778e+16
1.557332615e+16
1.560241858e+16
1.562652298e+16
1.565083742e+16
1.567910527e+16
1.570531121e+16
1.573703419e+16
1.576863976e+16
1.579713706e+16
1.583331049e+16
1.586846913e+16
1.589014153e+16
1.592652788e+16
1.59656177e+16
1.601214493e+16
1.604852095e+16
1.609784273e+16
1.614754195e+16
1.619531427e+16
1.624468621e+16
1.630801555e+16
1.636570167e+16
1.643422413e+16
1.65090791e+16
1.659016114e+16
1.666869722e+16
1.674773514e+16
1.682736862e+16
1.690711381e+16
1.696652376e+16
1.558221367e+16
1.560204235e+16
1.562350234e+16
1.565167373e+16
1.567916909e+16
1.570866998e+16
1.573121869e+16
1.576027524e+16
1.57918049e+16
1.582565207e+16
1.585882125e+16
1.588353094e+16
1.592169037e+16
1.595362144e+16
1.599677653e+16
1.603508005e+16
1.60765222e+16
1.612352787e+16
1.618215855e+16
1.623593766e+16
1.629294906e+16
1.635522527e+16
1.642981982e+16
1.650006847e+16
1.658852023e+16
1.667694502e+16
1.676730992e+16
1.686140009e+16
1.694627328e+16
1.70290777e+16
1.557779223e+16
1.560006371e+16
1.562847989e+16
1.565190187e+16
1.567747663e+16
1.570153383e+16
1.572500942e+16
1.575249199e+16
1.578821495e+16
1.581636372e+16
1.584345589e+16
1.587364467e+16
1.590984662e+16
1.594360192e+16
1.597712152e+16
1.601856655e+16
1.605687703e+16
1.610450715e+16
1.61535048e+16
1.620858644e+16
1.627074454e+16
1.632976809e+16
1.640592284e+16
1.648220966e+16
1.657272904e+16
1.666829442e+16
1.678057422e+16
1.688759038e+16
1.699177784e+16
1.7094105e+16
1.557837205e+16
1.56043092e+16
1.562542696e+16
1.565222354e+16
1.567458205e+16
1.570009567e+16
1.572787319e+16
1.574740145e+16
1.577776969e+16
1.580441482e+16
1.584017875e+16
1.58660582e+16
1.589141407e+16
1.592116344e+16
1.595718779e+16
1.599979718e+16
1.604014678e+16
1.60783253e+16
1.612388346e+16
1.618454647e+16
1.624011864e+16
1.630491975e+16
1.637178271e+16
1.645299743e+16
1.654487736e+16
1.66497478e+16
1.676930979e+16
1.689933294e+16
1.702860387e+16
1.714254958e+16
1.558460337e+16
1.560750031e+16
1.562674317e+16
1.565225934e+16
1.567160615e+16
1.569308334e+16
1.571905435e+16
1.573980891e+16
1.576556396e+16
1.57979832e+16
1.58186758e+16
1.584618233e+16
1.587577031e+16
1.590843009e+16
1.594244976e+16
1.59798269e+16
1.601192367e+16
1.60545669e+16
1.609858602e+16
1.614522699e+16
1.620024453e+16
1.625780625e+16
1.632528136e+16
1.640637856e+16
1.650079029e+16
1.661142503e+16
1.67392654e+16
1.688858216e+16
1.705754419e+16
1.720750746e+16
1.558793469e+16
1.561147182e+16
1.56282124e+16
1.56515567e+16
1.566996826e+16
1.568944422e+16
1.571396272e+16
1.572823214e+16
1.575775221e+16
1.578298662e+16
1.580203987e+16
1.583019741e+16
1.585736817e+16
1.588838367e+16
1.591567433e+16
1.594792e+16
1.598107493e+16
1.602245055e+16
1.605284346e+16
1.609761399e+16
1.615139636e+16
1.620730595e+16
1.627281521e+16
1.634966947e+16
1.643259099e+16
1.653664519e+16
1.666978716e+16
1.684610356e+16
1.704510941e+16
1.726792747e+16
1.558834486e+16
1.561008529e+16
1.563118978e+16
1.564363783e+16
1.566546039e+16
1.568809849e+16
1.57068837e+16
1.572280576e+16
1.574390138e+16
1.57677364e+16
1.579023653e+16
1.581406163e+16
1.584264605e+16
1.586445532e+16
1.589325158e+16
1.592157491e+16
1.594946561e+16
1.598703295e+16
1.601624823e+16
1.606113432e+16
1.610306112e+16
1.614982347e+16
1.620399644e+16
1.626326429e+16
1.634105829e+16
1.643366309e+16
1.655432847e+16
1.671676644e+16
1.696685772e+16
1.73077824e+16
1.559689262e+16
1.561046824e+16
1.563235454e+16
1.56422713e+16
1.566098281e+16
1.568185128e+16
1.569541502e+16
1.57213861e+16
1.573221342e+16
1.575374478e+16
1.577885046e+16
1.579612702e+16
1.581944131e+16
1.58412255e+16
1.587053167e+16
1.589384548e+16
1.591834292e+16
1.594814914e+16
1.597751636e+16
1.601175992e+16
1.605094154e+16
1.607916407e+16
1.612700973e+16
1.617839748e+16
1.623361769e+16
1.629960243e+16
1.6387853e+16
1.64955128e+16
1.668362831e+16
1.713129184e+16
)
;

boundaryField
{
    FLOW
    {
        type            calculated;
        value           nonuniform List<scalar> 
60
(
4234.539423
4261.870176
4279.469546
4294.256925
4306.61624
4313.381204
4327.930792
4334.327736
4341.95179
4346.904351
4356.189836
4363.714877
4366.584973
4375.017464
4378.488247
4386.552126
4394.565922
4394.823384
4402.022463
4403.560316
4410.089732
4413.827721
4422.726201
4425.178362
4430.895414
4435.424733
4438.543385
4441.629776
4444.769403
4450.691928
4456.360201
4461.989295
4469.588435
4467.53296
4472.841267
4478.697782
4482.844895
4491.908685
4495.360593
4500.956759
4504.573549
4514.980051
4517.651898
4522.129536
4530.736869
4535.748649
4545.719372
4550.40689
4561.114436
4567.77357
8.769234806e+302
4588.380012
4594.568598
4610.728346
4619.973286
4637.089581
4653.742075
4676.905842
4700.73711
4741.992566
)
;
    }
    WALL
    {
        type            calculated;
        value           nonuniform List<scalar> 
180
(
4273.165323
4267.191758
4261.786499
4256.763914
4251.285364
4244.836867
4238.923421
4233.113125
4225.741545
4219.589098
4212.795814
4204.780656
4197.257006
4189.171296
4177.31118
4171.42169
4162.981636
4153.426117
4141.789424
4134.575222
4121.00268
4111.048261
4099.976121
4086.289943
4074.685504
4065.154974
4050.084263
4033.971205
4014.046154
3991.129261
4279.592003
4289.199237
4292.721311
4298.332586
4301.445097
4306.764718
4307.76123
4308.335747
4311.675826
4312.599322
8.769234805e+302
4316.058521
4317.102027
4319.726566
4316.68905
4311.629932
4313.175293
4314.911108
4312.022684
4310.130002
4307.122663
4302.61271
4305.401334
4302.238096
4294.349165
4291.885056
4285.965031
4284.683727
4283.146601
4277.21181
4258.175185
4262.778243
4268.730781
4273.223931
4280.589263
4282.318652
4286.577181
4290.258774
4293.888669
4299.946304
4302.889442
4309.326277
4313.870724
4317.247611
4322.467831
4329.834714
4332.734585
4338.784587
4346.466583
4352.01553
4359.714002
4363.588102
4370.94193
4379.62613
4385.469053
4392.199914
4399.869814
4408.313415
8.769234805e+302
4419.737627
4430.983776
4436.971899
8.769234805e+302
4449.361773
4457.44123
4461.559979
4472.03237
4477.837005
4483.596255
4490.714155
4499.165452
4504.611811
4512.523839
4518.491912
4526.223938
4529.702465
4536.567668
4542.953543
4550.528404
4552.690533
4559.077923
4564.455
4568.106992
4572.857402
4579.679037
4583.448676
4587.22167
4593.237131
4601.386976
4609.266495
4587.823825
4582.226954
4575.216824
4569.302973
4565.928107
4564.519537
4559.895543
4557.992773
4555.959049
4557.02255
4554.937731
4556.940249
4553.056647
4558.343249
4558.117353
4558.982392
4560.48675
4562.52991
4564.849168
4569.256445
8.769234806e+302
4575.229444
4576.84942
4583.474522
4587.078401
4591.193249
4599.666063
4603.456496
4608.437436
4613.231788
4620.682489
4626.972337
4635.008691
4641.684086
4646.966158
4657.761568
4666.857982
4672.822046
4685.101434
4694.121875
4705.039876
4713.413534
4724.52602
4734.987207
4748.834046
4758.034638
4768.302455
4786.876605
4796.834742
4813.262623
4825.943683
4838.089521
4859.893656
4873.887957
4895.128235
4914.016249
4933.85067
4962.23944
4991.144268
5040.433898
)
;
    }
    frontAndBack
    {
        type            empty;
    }
}


// ************************************************************************* //
