/*--------------------------------*- C++ -*----------------------------------*\
  =========                 |
  \\      /  F ield         | OpenFOAM: The Open Source CFD Toolbox
   \\    /   O peration     | Website:  https://openfoam.org
    \\  /    A nd           | Version:  6
     \\/     M anipulation  |
\*---------------------------------------------------------------------------*/
FoamFile
{
    version     2.0;
    format      ascii;
    class       volScalarField;
    location    "20.5";
    object      iDof;
}
// * * * * * * * * * * * * * * * * * * * * * * * * * * * * * * * * * * * * * //

dimensions      [0 -3 0 0 0 0 0];

internalField   nonuniform List<scalar> 
3600
(
1.577519999e+16
1.40616e+16
1.517039999e+16
1.265039999e+16
1.5372e+16
1.335599999e+16
1.461599997e+16
1.501920006e+16
1.557359997e+16
1.597679996e+16
1.411200005e+16
1.723679996e+16
1.481759997e+16
1.406160005e+16
1.305359997e+16
1.622879996e+16
1.638000006e+16
1.506959997e+16
1.567439997e+16
1.567440006e+16
1.406159997e+16
1.466639997e+16
1.426320005e+16
1.491839997e+16
1.567439997e+16
1.688400006e+16
1.602719996e+16
1.673279996e+16
1.426320005e+16
1.522079997e+16
1.41624e+16
1.355760001e+16
1.49688e+16
1.62288e+16
1.370880001e+16
1.62288e+16
1.431359998e+16
1.557360007e+16
1.406159998e+16
1.557359998e+16
1.406160006e+16
1.446479998e+16
1.456559998e+16
1.496880007e+16
1.426319998e+16
1.511999998e+16
1.567440007e+16
1.557359998e+16
1.522079998e+16
1.466640006e+16
1.557359998e+16
1.426319998e+16
1.567440007e+16
1.511999998e+16
1.481759998e+16
1.617840007e+16
1.527119998e+16
1.436399998e+16
1.567440007e+16
1.426319998e+16
1.426319999e+16
1.512e+16
1.522079999e+16
1.345679999e+16
1.59264e+16
1.627919999e+16
1.340639997e+16
1.486800006e+16
1.406159997e+16
1.713599996e+16
1.466640006e+16
1.446479997e+16
1.643039996e+16
1.386000005e+16
1.401119997e+16
1.542239997e+16
1.668240006e+16
1.562399997e+16
1.622879996e+16
1.386000005e+16
1.456559997e+16
1.330559997e+16
1.471680006e+16
1.466639997e+16
1.542239997e+16
1.643040006e+16
1.370879997e+16
1.597679996e+16
1.648080006e+16
1.557359997e+16
1.612799999e+16
1.27008e+16
1.527119999e+16
1.547279999e+16
1.47672e+16
1.527119999e+16
1.658159996e+16
1.426320005e+16
1.627919996e+16
1.391039997e+16
1.658160006e+16
1.481759997e+16
1.527119997e+16
1.456560006e+16
1.461599997e+16
1.431359997e+16
1.532160006e+16
1.673279996e+16
1.612799996e+16
1.466640006e+16
1.537199997e+16
1.436399997e+16
1.527120006e+16
1.506959997e+16
1.496879997e+16
1.537200006e+16
1.592639996e+16
1.577519997e+16
1.396080005e+16
1.627919996e+16
1.6632e+16
1.562400001e+16
1.47672e+16
1.62792e+16
1.587600001e+16
1.50192e+16
1.396079998e+16
1.562400007e+16
1.713599997e+16
1.431359998e+16
1.537200007e+16
1.653119997e+16
1.557359998e+16
1.446480006e+16
1.441439998e+16
1.350719998e+16
1.461600006e+16
1.456559998e+16
1.466639998e+16
1.668240007e+16
1.552319998e+16
1.552319998e+16
1.506960007e+16
1.607759997e+16
1.451519998e+16
1.587600007e+16
1.476719998e+16
1.582559997e+16
1.607760007e+16
1.451519998e+16
1.562399999e+16
1.39608e+16
1.456559999e+16
1.547279999e+16
1.47168e+16
1.617839999e+16
1.431359997e+16
1.552320006e+16
1.678319996e+16
1.582559997e+16
1.315440005e+16
1.365839997e+16
1.517039997e+16
1.562400006e+16
1.501919997e+16
1.627919996e+16
1.501920006e+16
1.517039997e+16
1.527119997e+16
1.723680007e+16
1.547279997e+16
1.648079996e+16
1.638000006e+16
1.522079997e+16
1.658159996e+16
1.476720006e+16
1.582559997e+16
1.557359997e+16
1.527120006e+16
1.396079997e+16
1.476719997e+16
1.431359998e+16
1.597679996e+16
1.527119997e+16
1.617839997e+16
1.481759997e+16
1.441439994e+16
1.567440003e+16
1.401119994e+16
1.522079994e+16
1.653120003e+16
1.401119994e+16
1.506959994e+16
1.562400003e+16
1.552319994e+16
1.330559995e+16
1.607760003e+16
1.506959994e+16
1.683359993e+16
1.461600003e+16
1.587599994e+16
1.491839994e+16
1.375920003e+16
1.547279994e+16
1.522079994e+16
1.547280003e+16
1.587599994e+16
1.456559994e+16
1.517040003e+16
1.653119993e+16
1.461600006e+16
1.638000007e+16
1.562400006e+16
1.597680006e+16
1.436400006e+16
1.441440005e+16
1.486800003e+16
1.542240012e+16
1.506960003e+16
1.562400003e+16
1.446480012e+16
1.501920003e+16
1.632960003e+16
1.396080011e+16
1.562400003e+16
1.552320003e+16
1.653120013e+16
1.587600003e+16
1.597680003e+16
1.658160013e+16
1.607760003e+16
1.602720003e+16
1.597680013e+16
1.532160003e+16
1.406160003e+16
1.496880012e+16
1.406160003e+16
1.597680003e+16
1.622880013e+16
1.627920003e+16
1.501919997e+16
1.542239998e+16
1.310399997e+16
1.612799996e+16
1.577519997e+16
1.436399997e+16
1.572479994e+16
1.491840003e+16
1.426319994e+16
1.552319994e+16
1.486800003e+16
1.411199994e+16
1.486799994e+16
1.542240003e+16
1.481759994e+16
1.406159994e+16
1.552320003e+16
1.365839995e+16
1.637999993e+16
1.562400003e+16
1.557359994e+16
1.496879994e+16
1.532160003e+16
1.476719994e+16
1.597679994e+16
1.542240003e+16
1.577519994e+16
1.481759994e+16
1.365840003e+16
1.567439994e+16
1.431359997e+16
1.466639998e+16
1.668239996e+16
1.517039997e+16
1.486799998e+16
1.401119997e+16
1.355759995e+16
1.673280003e+16
1.557359994e+16
1.632959993e+16
1.648080003e+16
1.637999993e+16
1.607759994e+16
1.597680003e+16
1.627919993e+16
1.431359994e+16
1.512000003e+16
1.517039994e+16
1.637999993e+16
1.718640003e+16
1.527119994e+16
1.567439994e+16
1.496880003e+16
1.471679994e+16
1.597679994e+16
1.411200003e+16
1.567439994e+16
1.607759994e+16
1.572480003e+16
1.517039994e+16
1.572480006e+16
1.522080007e+16
1.386000005e+16
1.512000006e+16
1.501920007e+16
1.456560006e+16
1.607760003e+16
1.345680011e+16
1.451520003e+16
1.451520003e+16
1.547280012e+16
1.360800003e+16
1.577520003e+16
1.476720012e+16
1.426320003e+16
1.456560003e+16
1.562400012e+16
1.532160003e+16
1.476720003e+16
1.436400011e+16
1.532160003e+16
1.506960003e+16
1.456560012e+16
1.663200003e+16
1.547280003e+16
1.617840013e+16
1.582560003e+16
1.512000003e+16
1.501920012e+16
1.567440003e+16
1.542239997e+16
1.532159998e+16
1.330559997e+16
1.461599997e+16
1.426319998e+16
1.406159997e+16
1.396079994e+16
1.552320003e+16
1.431359994e+16
1.446479994e+16
1.663200003e+16
1.617839994e+16
1.385999994e+16
1.542240003e+16
1.587599994e+16
1.436399994e+16
1.456560003e+16
1.456559994e+16
1.396079994e+16
1.406160003e+16
1.567439994e+16
1.527119994e+16
1.577520003e+16
1.396079994e+16
1.567439994e+16
1.496880003e+16
1.612799994e+16
1.537199994e+16
1.597680003e+16
1.648079993e+16
1.587599997e+16
1.496879998e+16
1.517039997e+16
1.436399997e+16
1.441439998e+16
1.496879997e+16
1.552319994e+16
1.607760003e+16
1.597679994e+16
1.426319994e+16
1.532160003e+16
1.542239994e+16
1.501919994e+16
1.617840003e+16
1.501919994e+16
1.476719994e+16
1.481760003e+16
1.622879994e+16
1.436399994e+16
1.456560003e+16
1.517039994e+16
1.517039994e+16
1.557360003e+16
1.622879994e+16
1.577519994e+16
1.708560003e+16
1.557359994e+16
1.496879994e+16
1.486800003e+16
1.567439994e+16
1.567440006e+16
1.532160007e+16
1.517040006e+16
1.436400005e+16
1.486800007e+16
1.612800006e+16
1.552320003e+16
1.401120011e+16
1.522080003e+16
1.295280003e+16
1.582560013e+16
1.592640003e+16
1.572480003e+16
1.481760012e+16
1.557360003e+16
1.527120003e+16
1.552320012e+16
1.471680003e+16
1.537200003e+16
1.527120012e+16
1.552320003e+16
1.577520003e+16
1.421280011e+16
1.708560003e+16
1.517040003e+16
1.622880013e+16
1.517040003e+16
1.627920003e+16
1.527120012e+16
1.769040004e+16
1.542239997e+16
1.396079998e+16
1.481759997e+16
1.728719996e+16
1.607759997e+16
1.577519997e+16
1.592639994e+16
1.391040003e+16
1.587599994e+16
1.431359994e+16
1.491840003e+16
1.733759993e+16
1.622879994e+16
1.587600003e+16
1.552319994e+16
1.547279994e+16
1.501920003e+16
1.617839994e+16
1.527119994e+16
1.532160003e+16
1.471679994e+16
1.537199994e+16
1.572480003e+16
1.517039994e+16
1.522079994e+16
1.622880003e+16
1.486799994e+16
1.456559994e+16
1.527120003e+16
1.476719994e+16
1.466639997e+16
1.486799998e+16
1.592639996e+16
1.461599997e+16
1.517039998e+16
1.476719997e+16
1.456559994e+16
1.436400003e+16
1.511999994e+16
1.648079993e+16
1.396080003e+16
1.577519994e+16
1.517039994e+16
1.703520003e+16
1.602719994e+16
1.663199993e+16
1.406160003e+16
1.491839994e+16
1.365839995e+16
1.396080003e+16
1.562399994e+16
1.491839994e+16
1.537200003e+16
1.461599994e+16
1.567439994e+16
1.653120003e+16
1.421279994e+16
1.491839994e+16
1.582560003e+16
1.501919994e+16
1.506960006e+16
1.451520006e+16
1.446480005e+16
1.572480006e+16
1.501920007e+16
1.562400006e+16
1.411200003e+16
1.370880011e+16
1.506960003e+16
1.411200003e+16
1.597680013e+16
1.481760003e+16
1.627920003e+16
1.638000013e+16
1.461600003e+16
1.587600003e+16
1.638000013e+16
1.567440003e+16
1.456560003e+16
1.557360012e+16
1.688400003e+16
1.486800003e+16
1.607760013e+16
1.632960003e+16
1.597680003e+16
1.416240011e+16
1.597680003e+16
1.380960003e+16
1.370880011e+16
1.350720003e+16
1.461599997e+16
1.522079998e+16
1.511999997e+16
1.481759997e+16
1.542239998e+16
1.486799997e+16
1.461599994e+16
1.592640003e+16
1.547279994e+16
1.537199994e+16
1.567440003e+16
1.567439994e+16
1.436399994e+16
1.380960003e+16
1.527119994e+16
1.673279993e+16
1.582560003e+16
1.693439993e+16
1.547279994e+16
1.426320003e+16
1.396079994e+16
1.678319993e+16
1.698480003e+16
1.466639994e+16
1.446479994e+16
1.486800003e+16
1.612799994e+16
1.612799994e+16
1.597680003e+16
1.537199994e+16
1.582559997e+16
1.552319998e+16
1.446479997e+16
1.355759997e+16
1.431359998e+16
1.471679997e+16
1.527119994e+16
1.547280003e+16
1.537199994e+16
1.486799994e+16
1.567440003e+16
1.501919994e+16
1.506959994e+16
1.396080003e+16
1.476719994e+16
1.421279994e+16
1.602720003e+16
1.648079993e+16
1.602719994e+16
1.527120003e+16
1.547279994e+16
1.648079993e+16
1.552320003e+16
1.486799994e+16
1.567439994e+16
1.567440003e+16
1.491839994e+16
1.698479993e+16
1.602720003e+16
1.436399994e+16
1.355760005e+16
1.522080007e+16
1.441440005e+16
1.562400006e+16
1.668240007e+16
1.542240006e+16
1.532160003e+16
1.542240012e+16
1.542240003e+16
1.607760003e+16
1.340640011e+16
1.506960003e+16
1.522080003e+16
1.602720013e+16
1.587600003e+16
1.612800003e+16
1.748880014e+16
1.421280003e+16
1.512000003e+16
1.355760011e+16
1.592640003e+16
1.436400003e+16
1.638000013e+16
1.471680003e+16
1.512000003e+16
1.491840012e+16
1.617840003e+16
1.416240003e+16
1.602720013e+16
1.627920003e+16
1.572479997e+16
1.451519998e+16
1.678319996e+16
1.375919997e+16
1.476719998e+16
1.426319997e+16
1.683359993e+16
1.592640003e+16
1.668239993e+16
1.446479994e+16
1.592640003e+16
1.340639995e+16
1.617839994e+16
1.506960003e+16
1.411199994e+16
1.511999994e+16
1.612800003e+16
1.587599994e+16
1.411199994e+16
1.506960003e+16
1.476719994e+16
1.345679995e+16
1.496880003e+16
1.532159994e+16
1.517039994e+16
1.627920003e+16
1.501919994e+16
1.562399994e+16
1.471680003e+16
1.511999994e+16
1.612799996e+16
1.511999998e+16
1.411199997e+16
1.385999997e+16
1.325519998e+16
1.451519997e+16
1.663199993e+16
1.501920003e+16
1.567439994e+16
1.511999994e+16
1.466640003e+16
1.632959993e+16
1.461599994e+16
1.486800003e+16
1.496879994e+16
1.511999994e+16
1.486800003e+16
1.688399993e+16
1.557359994e+16
1.471680003e+16
1.446479994e+16
1.451519994e+16
1.310400003e+16
1.426319994e+16
1.491839994e+16
1.572480003e+16
1.643039993e+16
1.416239994e+16
1.496880003e+16
1.456559994e+16
1.557360006e+16
1.527120007e+16
1.532160006e+16
1.512000006e+16
1.380960006e+16
1.431360005e+16
1.436400003e+16
1.527120012e+16
1.501920003e+16
1.532160003e+16
1.496880012e+16
1.501920003e+16
1.406160003e+16
1.451520012e+16
1.506960003e+16
1.391040003e+16
1.562400012e+16
1.648080003e+16
1.537200003e+16
1.562400012e+16
1.456560003e+16
1.592640003e+16
1.431360011e+16
1.587600003e+16
1.421280003e+16
1.436400011e+16
1.491840003e+16
1.456560003e+16
1.401120011e+16
1.512000003e+16
1.562399997e+16
1.572479997e+16
1.396079997e+16
1.733759996e+16
1.426319998e+16
1.416239997e+16
1.506959994e+16
1.552320003e+16
1.577519994e+16
1.572479994e+16
1.572480003e+16
1.572479994e+16
1.456559994e+16
1.602720003e+16
1.451519994e+16
1.496879994e+16
1.638000003e+16
1.532159994e+16
1.476719994e+16
1.552320003e+16
1.496879994e+16
1.511999994e+16
1.441440003e+16
1.501919994e+16
1.637999993e+16
1.501920003e+16
1.391039994e+16
1.572479994e+16
1.693440003e+16
1.592639994e+16
1.587599997e+16
1.365839998e+16
1.396079997e+16
1.562399997e+16
1.653119997e+16
1.411199997e+16
1.491839994e+16
1.441440003e+16
1.663199993e+16
1.406159994e+16
1.517040003e+16
1.517039994e+16
1.380959994e+16
1.360800003e+16
1.466639994e+16
1.375919994e+16
1.723680003e+16
1.466639994e+16
1.506959994e+16
1.436400003e+16
1.552319994e+16
1.582559994e+16
1.461600003e+16
1.486799994e+16
1.466639994e+16
1.496880003e+16
1.683359993e+16
1.547279994e+16
1.587600003e+16
1.542239994e+16
1.512000006e+16
1.411200006e+16
1.577520006e+16
1.617840006e+16
1.481760007e+16
1.491840006e+16
1.471680003e+16
1.567440013e+16
1.436400003e+16
1.643040003e+16
1.638000013e+16
1.572480003e+16
1.380960003e+16
1.607760013e+16
1.466640003e+16
1.401120003e+16
1.471680012e+16
1.572480003e+16
1.496880003e+16
1.481760012e+16
1.587600003e+16
1.375920003e+16
1.537200012e+16
1.668240003e+16
1.476720003e+16
1.597680013e+16
1.547280003e+16
1.512000003e+16
1.522080012e+16
1.491840003e+16
1.365839997e+16
1.436399998e+16
1.441439997e+16
1.360799997e+16
1.567439997e+16
1.517039997e+16
1.456559994e+16
1.431360003e+16
1.562399994e+16
1.401119994e+16
1.491840003e+16
1.552319994e+16
1.486799994e+16
1.476720003e+16
1.501919994e+16
1.441439994e+16
1.552320003e+16
1.542239994e+16
1.542239994e+16
1.582560003e+16
1.738799993e+16
1.476719994e+16
1.305360003e+16
1.476719994e+16
1.426319994e+16
1.491840003e+16
1.436399994e+16
1.617839994e+16
1.562400003e+16
1.592639994e+16
1.431359997e+16
1.506959998e+16
1.496879997e+16
1.567439997e+16
1.380959998e+16
1.532159997e+16
1.552319994e+16
1.386000003e+16
1.643039993e+16
1.522079994e+16
1.471680003e+16
1.436399994e+16
1.648079993e+16
1.486800003e+16
1.340639995e+16
1.380959994e+16
1.532160003e+16
1.542239994e+16
1.441439994e+16
1.663200003e+16
1.360799995e+16
1.643039993e+16
1.451520003e+16
1.552319994e+16
1.501919994e+16
1.380960003e+16
1.627919993e+16
1.627919993e+16
1.557360003e+16
1.552319994e+16
1.537200006e+16
1.396080006e+16
1.506960006e+16
1.456560006e+16
1.411200006e+16
1.476720006e+16
1.537200003e+16
1.572480013e+16
1.527120003e+16
1.406160003e+16
1.406160011e+16
1.532160003e+16
1.375920003e+16
1.471680012e+16
1.522080003e+16
1.461600003e+16
1.456560012e+16
1.446480003e+16
1.491840003e+16
1.537200012e+16
1.547280003e+16
1.678320003e+16
1.486800012e+16
1.653120003e+16
1.663200003e+16
1.496880012e+16
1.587600003e+16
1.567440003e+16
1.537200012e+16
1.501920003e+16
1.567439997e+16
1.456559998e+16
1.537199997e+16
1.486799997e+16
1.466639998e+16
1.527119997e+16
1.466639994e+16
1.416240003e+16
1.597679994e+16
1.446479994e+16
1.441440003e+16
1.466639994e+16
1.385999994e+16
1.446480003e+16
1.506959994e+16
1.501919994e+16
1.582560003e+16
1.577519994e+16
1.562399994e+16
1.406160003e+16
1.617839994e+16
1.370879995e+16
1.537200003e+16
1.426319994e+16
1.602719994e+16
1.501920003e+16
1.411199994e+16
1.527119994e+16
1.582560003e+16
1.486799994e+16
1.547279997e+16
1.602720006e+16
1.506959997e+16
1.602719996e+16
1.587600006e+16
1.577519997e+16
1.663199996e+16
1.648080006e+16
1.733759996e+16
1.481759997e+16
1.617840006e+16
1.456559997e+16
1.723679996e+16
1.789200007e+16
1.688399996e+16
1.763999996e+16
1.612800006e+16
1.602719996e+16
1.491839997e+16
1.587600006e+16
1.632959996e+16
1.537199997e+16
1.512000006e+16
1.597679996e+16
1.532159997e+16
1.567440006e+16
1.476719997e+16
1.557359997e+16
1.421280005e+16
1.572479997e+16
1.496879998e+16
1.476720006e+16
1.597679997e+16
1.441439998e+16
1.355760006e+16
1.421279998e+16
1.426319998e+16
1.632960007e+16
1.653119997e+16
1.552319998e+16
1.784160008e+16
1.612799997e+16
1.572479997e+16
1.451520006e+16
1.637999997e+16
1.653119997e+16
1.471680006e+16
1.663199997e+16
1.663199997e+16
1.617840007e+16
1.587599997e+16
1.486799998e+16
1.597680007e+16
1.537199998e+16
1.728719997e+16
1.486800007e+16
1.668239997e+16
1.637999997e+16
1.663200007e+16
1.602719997e+16
1.461599997e+16
1.451520006e+16
1.582559997e+16
1.622879996e+16
1.602720006e+16
1.637999996e+16
1.522079997e+16
1.456560006e+16
1.365839997e+16
1.602719996e+16
1.562400006e+16
1.471679997e+16
1.537199997e+16
1.723680007e+16
1.663199996e+16
1.602719996e+16
1.577520006e+16
1.577519997e+16
1.723679996e+16
1.819440007e+16
1.643039996e+16
1.592639996e+16
1.764000007e+16
1.693439996e+16
1.622879996e+16
1.486800006e+16
1.572479997e+16
1.501919997e+16
1.648080006e+16
1.587599997e+16
1.582559997e+16
1.607760006e+16
1.612799996e+16
1.713599996e+16
1.577520006e+16
1.572479997e+16
1.683359996e+16
1.648080006e+16
1.456559997e+16
1.466639997e+16
1.728720007e+16
1.481759997e+16
1.673279996e+16
1.774080007e+16
1.436399997e+16
1.602719996e+16
1.517040006e+16
1.562399997e+16
1.567439997e+16
1.542240006e+16
1.557359997e+16
1.562399997e+16
1.627920006e+16
1.607759996e+16
1.562399997e+16
1.622880006e+16
1.537199997e+16
1.612799996e+16
1.517040006e+16
1.728719996e+16
1.658159997e+16
1.648080007e+16
1.511999998e+16
1.587599997e+16
1.592640007e+16
1.532159998e+16
1.506959998e+16
1.587600007e+16
1.617839997e+16
1.557359998e+16
1.441440006e+16
1.703519997e+16
1.617839997e+16
1.622880007e+16
1.668239997e+16
1.738799997e+16
1.557360007e+16
1.849679997e+16
1.708559997e+16
1.441440006e+16
1.592639997e+16
1.718639997e+16
1.582560007e+16
1.547279998e+16
1.673279997e+16
1.517040007e+16
1.532159998e+16
1.658159997e+16
1.476720006e+16
1.648079997e+16
1.451519997e+16
1.360800005e+16
1.542239997e+16
1.476719997e+16
1.501920006e+16
1.456559997e+16
1.693439996e+16
1.617840006e+16
1.607759996e+16
1.607759996e+16
1.597680006e+16
1.653119996e+16
1.552319997e+16
1.648080006e+16
1.627919996e+16
1.577519997e+16
1.577520006e+16
1.446479997e+16
1.562399997e+16
1.658160006e+16
1.663199996e+16
1.602719996e+16
1.441440005e+16
1.789199996e+16
1.713599996e+16
1.632960006e+16
1.718639996e+16
1.779119996e+16
1.592640006e+16
1.748879996e+16
1.607759994e+16
1.481760003e+16
1.688399993e+16
1.617839994e+16
1.577520003e+16
1.496879994e+16
1.602719994e+16
1.481760003e+16
1.456559994e+16
1.532159994e+16
1.496880003e+16
1.728719993e+16
1.622879994e+16
1.496880003e+16
1.597679994e+16
1.622879994e+16
1.557360003e+16
1.360799995e+16
1.632959993e+16
1.653120003e+16
1.653119993e+16
1.557359994e+16
1.723680003e+16
1.602719994e+16
1.748879993e+16
1.638000003e+16
1.693439993e+16
1.537199994e+16
1.622880003e+16
1.456559994e+16
1.617840003e+16
1.592640013e+16
1.416240003e+16
1.632960003e+16
1.612800013e+16
1.572480003e+16
1.426320003e+16
1.471680012e+16
1.537200003e+16
1.713600003e+16
1.552320012e+16
1.668240003e+16
1.421280003e+16
1.512000012e+16
1.597680003e+16
1.587600003e+16
1.627920013e+16
1.577520003e+16
1.632960003e+16
1.577520013e+16
1.753920004e+16
1.426320003e+16
1.572480013e+16
1.527120003e+16
1.648080003e+16
1.527120012e+16
1.512000003e+16
1.658160003e+16
1.638000013e+16
1.547280003e+16
1.577519994e+16
1.683360003e+16
1.476719994e+16
1.491839994e+16
1.481760003e+16
1.637999993e+16
1.577519994e+16
1.622880003e+16
1.446479994e+16
1.527119994e+16
1.592640003e+16
1.491839994e+16
1.446479994e+16
1.461600003e+16
1.501919994e+16
1.592639994e+16
1.552320003e+16
1.476719994e+16
1.723679993e+16
1.476720003e+16
1.557359994e+16
1.572479994e+16
1.627920003e+16
1.693439993e+16
1.527119994e+16
1.738800003e+16
1.708559993e+16
1.527119994e+16
1.577520003e+16
1.683359993e+16
1.637999993e+16
1.355760003e+16
1.673279993e+16
1.557359994e+16
1.476720003e+16
1.622879994e+16
1.491839994e+16
1.471680003e+16
1.648079993e+16
1.698479993e+16
1.627920003e+16
1.643039993e+16
1.622879994e+16
1.648080003e+16
1.663199993e+16
1.567439994e+16
1.451520003e+16
1.627919993e+16
1.668239993e+16
1.562400003e+16
1.784159993e+16
1.451519994e+16
1.436400003e+16
1.592639994e+16
1.693439993e+16
1.638000003e+16
1.683359993e+16
1.758959993e+16
1.572480003e+16
1.627919993e+16
1.506960003e+16
1.522080012e+16
1.522080003e+16
1.592640003e+16
1.643040013e+16
1.491840003e+16
1.421280003e+16
1.723680014e+16
1.617840003e+16
1.708560003e+16
1.683360013e+16
1.809360004e+16
1.703520003e+16
1.552320012e+16
1.733760003e+16
1.617840003e+16
1.627920013e+16
1.612800003e+16
1.542240003e+16
1.663200013e+16
1.713600003e+16
1.658160003e+16
1.753920014e+16
1.481760003e+16
1.758960004e+16
1.542240012e+16
1.733760003e+16
1.542240003e+16
1.607760013e+16
1.728720003e+16
1.643039993e+16
1.512000003e+16
1.643039993e+16
1.612799994e+16
1.527120003e+16
1.461599994e+16
1.486799994e+16
1.638000003e+16
1.617839994e+16
1.592639994e+16
1.653120003e+16
1.542239994e+16
1.532159994e+16
1.562400003e+16
1.491839994e+16
1.643039993e+16
1.552320003e+16
1.627919993e+16
1.587599994e+16
1.617840003e+16
1.532159994e+16
1.577519994e+16
1.532160003e+16
1.658159993e+16
1.496879994e+16
1.587600003e+16
1.582559994e+16
1.562399994e+16
1.537200003e+16
1.632959993e+16
1.577519994e+16
1.512000003e+16
1.617839994e+16
1.517039994e+16
1.552320003e+16
1.542239994e+16
1.517039994e+16
1.557360003e+16
1.491839994e+16
1.511999994e+16
1.643040003e+16
1.648079993e+16
1.517039994e+16
1.764000004e+16
1.572479994e+16
1.658159993e+16
1.673280003e+16
1.557359994e+16
1.637999993e+16
1.547280003e+16
1.597679994e+16
1.824479993e+16
1.491840003e+16
1.501919994e+16
1.688399993e+16
1.653120003e+16
1.552319994e+16
1.537199994e+16
1.527120003e+16
1.522079994e+16
1.678320003e+16
1.557360012e+16
1.592640003e+16
1.532160003e+16
1.481760012e+16
1.582560003e+16
1.643040003e+16
1.486800012e+16
1.607760003e+16
1.708560003e+16
1.617840013e+16
1.406160003e+16
1.572480003e+16
1.491840012e+16
1.582560003e+16
1.748880003e+16
1.632960013e+16
1.612800003e+16
1.617840003e+16
1.723680014e+16
1.622880003e+16
1.547280003e+16
1.552320012e+16
1.809360004e+16
1.471680003e+16
1.461600012e+16
1.496880003e+16
1.602720003e+16
1.653120013e+16
1.638000003e+16
1.698479993e+16
1.567440003e+16
1.567439994e+16
1.582559994e+16
1.607760003e+16
1.673279993e+16
1.617839994e+16
1.345680003e+16
1.738799993e+16
1.542239994e+16
1.612800003e+16
1.446479994e+16
1.683359993e+16
1.517040003e+16
1.602719994e+16
1.501919994e+16
1.501920003e+16
1.537199994e+16
1.648079993e+16
1.622880003e+16
1.622879994e+16
1.688399993e+16
1.517040003e+16
1.612799994e+16
1.653119993e+16
1.758960004e+16
1.582559994e+16
1.517039994e+16
1.597680003e+16
1.668239993e+16
1.511999994e+16
1.506960003e+16
1.567439994e+16
1.592639994e+16
1.522080003e+16
1.511999994e+16
1.532159994e+16
1.517040003e+16
1.567439994e+16
1.607759994e+16
1.668240003e+16
1.416239994e+16
1.622879994e+16
1.638000003e+16
1.461599994e+16
1.486799994e+16
1.582560003e+16
1.577519994e+16
1.567439994e+16
1.547280003e+16
1.617839994e+16
1.688399993e+16
1.512000003e+16
1.426319994e+16
1.360799995e+16
1.577520003e+16
1.713599993e+16
1.653119993e+16
1.612800003e+16
1.648079993e+16
1.542240003e+16
1.476720012e+16
1.466640003e+16
1.643040003e+16
1.653120013e+16
1.648080003e+16
1.522080003e+16
1.668240013e+16
1.582560003e+16
1.426320003e+16
1.824480015e+16
1.562400003e+16
1.572480003e+16
1.673280013e+16
1.466640003e+16
1.486800003e+16
1.698480014e+16
1.678320003e+16
1.648080003e+16
1.582560013e+16
1.648080003e+16
1.617840003e+16
1.577520013e+16
1.481760003e+16
1.668240003e+16
1.572480013e+16
1.512000003e+16
1.753920004e+16
1.648080013e+16
1.784160004e+16
1.511999994e+16
1.527120003e+16
1.663199993e+16
1.496879994e+16
1.779120004e+16
1.592639994e+16
1.562399994e+16
1.653120003e+16
1.562399994e+16
1.582559994e+16
1.638000003e+16
1.718639993e+16
1.436399994e+16
1.607760003e+16
1.587599994e+16
1.688399993e+16
1.612800003e+16
1.587599994e+16
1.622879994e+16
1.632960003e+16
1.668239993e+16
1.401119994e+16
1.678320003e+16
1.552319994e+16
1.486799994e+16
1.401120003e+16
1.632959993e+16
1.481759994e+16
1.476720003e+16
1.547279994e+16
1.466639994e+16
1.552320003e+16
1.552319994e+16
1.663199993e+16
1.607760003e+16
1.688399993e+16
1.743839993e+16
1.461600003e+16
1.612799994e+16
1.511999994e+16
1.668240003e+16
1.627919993e+16
1.557359994e+16
1.723680003e+16
1.577519994e+16
1.774079993e+16
1.582560003e+16
1.643039993e+16
1.627919993e+16
1.587600003e+16
1.406159994e+16
1.592639994e+16
1.496880003e+16
1.769039993e+16
1.486799994e+16
1.577520003e+16
1.506959994e+16
1.572479994e+16
1.713600003e+16
1.537199994e+16
1.461600003e+16
1.632960013e+16
1.517040003e+16
1.622880003e+16
1.582560013e+16
1.577520003e+16
1.466640003e+16
1.461600012e+16
1.587600003e+16
1.668240003e+16
1.441440012e+16
1.527120003e+16
1.748880003e+16
1.728720014e+16
1.688400003e+16
1.668240003e+16
1.421280011e+16
1.643040003e+16
1.527120003e+16
1.764000014e+16
1.723680003e+16
1.612800003e+16
1.532160012e+16
1.527120003e+16
1.607760003e+16
1.466640012e+16
1.678320003e+16
1.567440003e+16
1.728720014e+16
1.582560003e+16
1.476719994e+16
1.481760003e+16
1.673279993e+16
1.522079994e+16
1.622880003e+16
1.577519994e+16
1.602719994e+16
1.406160003e+16
1.340639995e+16
1.678319993e+16
1.542240003e+16
1.501919994e+16
1.612799994e+16
1.638000003e+16
1.637999993e+16
1.461599994e+16
1.532160003e+16
1.723679993e+16
1.577519994e+16
1.466640003e+16
1.461599994e+16
1.733759993e+16
1.517040003e+16
1.476719994e+16
1.874879993e+16
1.607760003e+16
1.511999994e+16
1.637999993e+16
1.663200003e+16
1.612799994e+16
1.602719994e+16
1.547280003e+16
1.622879994e+16
1.602719994e+16
1.466640003e+16
1.612799994e+16
1.643039993e+16
1.582560003e+16
1.446479994e+16
1.673279993e+16
1.582560003e+16
1.532159994e+16
1.592639994e+16
1.597680003e+16
1.466639994e+16
1.501919994e+16
1.466640003e+16
1.612799994e+16
1.506959994e+16
1.431360003e+16
1.456559994e+16
1.522079994e+16
1.476720003e+16
1.582559994e+16
1.511999994e+16
1.486800003e+16
1.824479993e+16
1.496879994e+16
1.577520003e+16
1.668239993e+16
1.517040003e+16
1.491840012e+16
1.486800003e+16
1.678320003e+16
1.416240011e+16
1.607760003e+16
1.491840003e+16
1.552320012e+16
1.703520003e+16
1.542240003e+16
1.562400012e+16
1.355760003e+16
1.517040003e+16
1.552320012e+16
1.512000003e+16
1.451520003e+16
1.638000013e+16
1.653120003e+16
1.678320003e+16
1.703520014e+16
1.501920003e+16
1.612800003e+16
1.501920012e+16
1.401120003e+16
1.844640004e+16
1.537200012e+16
1.607760003e+16
1.592640003e+16
1.627920013e+16
1.748880003e+16
1.547279994e+16
1.658160003e+16
1.532159994e+16
1.511999994e+16
1.441440003e+16
1.582559994e+16
1.527119994e+16
1.733760003e+16
1.552319994e+16
1.421279994e+16
1.380960003e+16
1.673279993e+16
1.718639993e+16
1.567440003e+16
1.607759994e+16
1.617839994e+16
1.643040003e+16
1.537199994e+16
1.648079993e+16
1.612800003e+16
1.542239994e+16
1.617839994e+16
1.713600003e+16
1.627919993e+16
1.562399994e+16
1.602720003e+16
1.668239993e+16
1.617839994e+16
1.592640003e+16
1.562399994e+16
1.547279994e+16
1.607760003e+16
1.632959993e+16
1.486799994e+16
1.527120003e+16
1.733759993e+16
1.466639994e+16
1.708560003e+16
1.567439994e+16
1.698479993e+16
1.486800003e+16
1.688399993e+16
1.517039994e+16
1.562400003e+16
1.572479994e+16
1.678319993e+16
1.819440004e+16
1.562399994e+16
1.587599994e+16
1.673280003e+16
1.683359993e+16
1.627919993e+16
1.572480003e+16
1.431359994e+16
1.632959993e+16
1.597680003e+16
1.622879994e+16
1.617839994e+16
1.537200003e+16
1.607759994e+16
1.416240003e+16
1.617840013e+16
1.451520003e+16
1.592640003e+16
1.597680013e+16
1.486800003e+16
1.733760003e+16
1.643040013e+16
1.678320003e+16
1.512000003e+16
1.421280011e+16
1.506960003e+16
1.512000003e+16
1.658160013e+16
1.567440003e+16
1.713600003e+16
1.643040013e+16
1.602720003e+16
1.602720003e+16
1.476720012e+16
1.481760003e+16
1.481760003e+16
1.602720013e+16
1.486800003e+16
1.532160003e+16
1.562400012e+16
1.653120003e+16
1.572480003e+16
1.486800012e+16
1.764000004e+16
1.632959993e+16
1.658160003e+16
1.718639993e+16
1.668239993e+16
1.557360003e+16
1.622879994e+16
1.607759994e+16
1.512000003e+16
1.542239994e+16
1.572479994e+16
1.587600003e+16
1.592639994e+16
1.592639994e+16
1.643040003e+16
1.517039994e+16
1.456559994e+16
1.602720003e+16
1.683359993e+16
1.632959993e+16
1.582560003e+16
1.622879994e+16
1.612799994e+16
1.486800003e+16
1.582559994e+16
1.688399993e+16
1.748880003e+16
1.557359994e+16
1.461599994e+16
1.557360003e+16
1.653119993e+16
1.678319993e+16
1.643040003e+16
1.501919994e+16
1.607759994e+16
1.572480003e+16
1.592639994e+16
1.597679994e+16
1.683360003e+16
1.648079993e+16
1.653119993e+16
1.496880003e+16
1.436399994e+16
1.602719994e+16
1.592640003e+16
1.476719994e+16
1.617839994e+16
1.653120003e+16
1.562399994e+16
1.627919993e+16
1.627920003e+16
1.587599994e+16
1.622879994e+16
1.617840003e+16
1.592639994e+16
1.557359994e+16
1.708560003e+16
1.597679994e+16
1.582559994e+16
1.592640003e+16
1.748879993e+16
1.582560003e+16
1.663200013e+16
1.572480003e+16
1.632960003e+16
1.638000013e+16
1.738800003e+16
1.683360003e+16
1.562400012e+16
1.386000003e+16
1.638000003e+16
1.592640013e+16
1.577520003e+16
1.663200003e+16
1.416240011e+16
1.355760003e+16
1.607760003e+16
1.537200012e+16
1.713600003e+16
1.542240003e+16
1.527120012e+16
1.627920003e+16
1.622880003e+16
1.592640013e+16
1.658160003e+16
1.542240003e+16
1.653120013e+16
1.441440003e+16
1.486800003e+16
1.643040013e+16
1.698480003e+16
1.567439994e+16
1.431360003e+16
1.522079994e+16
1.617839994e+16
1.572480003e+16
1.496879994e+16
1.416239994e+16
1.406160003e+16
1.602719994e+16
1.547279994e+16
1.512000003e+16
1.597679994e+16
1.577519994e+16
1.552320003e+16
1.547279994e+16
1.632959993e+16
1.557360003e+16
1.703519993e+16
1.481759994e+16
1.522080003e+16
1.547279994e+16
1.632959993e+16
1.567440003e+16
1.486799994e+16
1.607759994e+16
1.476720003e+16
1.683359993e+16
1.668239993e+16
1.537200003e+16
1.572479994e+16
1.607759996e+16
1.506959998e+16
1.345679997e+16
1.496879997e+16
1.481759998e+16
1.517039997e+16
1.637999993e+16
1.522080003e+16
1.582559994e+16
1.748879993e+16
1.486800003e+16
1.481759994e+16
1.592639994e+16
1.597680003e+16
1.471679994e+16
1.426319994e+16
1.547280003e+16
1.597679994e+16
1.416239994e+16
1.456560003e+16
1.517039994e+16
1.426319994e+16
1.738800003e+16
1.562399994e+16
1.517039994e+16
1.562400003e+16
1.451519994e+16
1.572479994e+16
1.567440003e+16
1.582559994e+16
1.466640006e+16
1.577520007e+16
1.461600006e+16
1.310400005e+16
1.557360007e+16
1.522080006e+16
1.391040003e+16
1.643040013e+16
1.501920003e+16
1.476720003e+16
1.653120013e+16
1.396080003e+16
1.406160003e+16
1.517040012e+16
1.355760003e+16
1.456560003e+16
1.486800012e+16
1.471680003e+16
1.486800003e+16
1.547280012e+16
1.421280003e+16
1.602720003e+16
1.532160012e+16
1.607760003e+16
1.587600003e+16
1.602720013e+16
1.638000003e+16
1.491840003e+16
1.330560011e+16
1.577520003e+16
1.572479997e+16
1.421279998e+16
1.436399997e+16
1.391039997e+16
1.330559998e+16
1.481759997e+16
1.557359994e+16
1.486800003e+16
1.416239994e+16
1.431359994e+16
1.512000003e+16
1.496879994e+16
1.582559994e+16
1.597680003e+16
1.476719994e+16
1.572479994e+16
1.547280003e+16
1.557359994e+16
1.627919993e+16
1.446480003e+16
1.370879995e+16
1.688399993e+16
1.451520003e+16
1.643039993e+16
1.627919993e+16
1.486800003e+16
1.653119993e+16
1.517039994e+16
1.552320003e+16
1.406159994e+16
1.456559997e+16
1.511999998e+16
1.506959997e+16
1.305359997e+16
1.506959998e+16
1.451519997e+16
1.491839994e+16
1.617840003e+16
1.592639994e+16
1.562399994e+16
1.512000003e+16
1.607759994e+16
1.496879994e+16
1.552320003e+16
1.401119994e+16
1.446479994e+16
1.446480003e+16
1.607759994e+16
1.688399993e+16
1.547280003e+16
1.446479994e+16
1.537199994e+16
1.421280003e+16
1.572479994e+16
1.295279995e+16
1.532160003e+16
1.552319994e+16
1.522079994e+16
1.436400003e+16
1.547279994e+16
1.532160006e+16
1.451520006e+16
1.602720006e+16
1.446480005e+16
1.542240007e+16
1.431360005e+16
1.471680003e+16
1.335600011e+16
1.305360003e+16
1.471680003e+16
1.350720011e+16
1.401120003e+16
1.552320003e+16
1.446480012e+16
1.481760003e+16
1.506960003e+16
1.496880012e+16
1.527120003e+16
1.365840003e+16
1.461600012e+16
1.466640003e+16
1.668240003e+16
1.537200012e+16
1.632960003e+16
1.582560003e+16
1.678320013e+16
1.567440003e+16
1.764000004e+16
1.481760012e+16
1.496880003e+16
1.552319997e+16
1.461599998e+16
1.602719996e+16
1.466639997e+16
1.426319998e+16
1.421279997e+16
1.451519994e+16
1.522080003e+16
1.451519994e+16
1.350719995e+16
1.522080003e+16
1.506959994e+16
1.426319994e+16
1.386000003e+16
1.517039994e+16
1.517039994e+16
1.552320003e+16
1.446479994e+16
1.552319994e+16
1.451520003e+16
1.572479994e+16
1.663199993e+16
1.587600003e+16
1.486799994e+16
1.517039994e+16
1.597680003e+16
1.491839994e+16
1.486799994e+16
1.522080003e+16
1.658159993e+16
1.441439997e+16
1.476719998e+16
1.506959997e+16
1.572479997e+16
1.643039997e+16
1.476719997e+16
1.310399995e+16
1.491840003e+16
1.406159994e+16
1.355759995e+16
1.522080003e+16
1.532159994e+16
1.547279994e+16
1.496880003e+16
1.511999994e+16
1.375919994e+16
1.436400003e+16
1.355759995e+16
1.627919993e+16
1.491840003e+16
1.315439995e+16
1.572479994e+16
1.411200003e+16
1.542239994e+16
1.602719994e+16
1.461600003e+16
1.511999994e+16
1.547279994e+16
1.592640003e+16
1.532159994e+16
1.446480005e+16
1.653120007e+16
1.512000006e+16
1.496880006e+16
1.643040007e+16
1.380960005e+16
1.436400003e+16
1.486800012e+16
1.532160003e+16
1.456560003e+16
1.537200012e+16
1.698480003e+16
1.496880003e+16
1.476720012e+16
1.501920003e+16
1.517040003e+16
1.612800013e+16
1.391040003e+16
1.617840003e+16
1.562400012e+16
1.617840003e+16
1.512000003e+16
1.491840012e+16
1.496880003e+16
1.582560003e+16
1.557360012e+16
1.506960003e+16
1.451520003e+16
1.582560013e+16
1.632960003e+16
1.542239997e+16
1.496879998e+16
1.456559997e+16
1.355759997e+16
1.562399998e+16
1.426319997e+16
1.350719995e+16
1.537200003e+16
1.476719994e+16
1.632959993e+16
1.386000003e+16
1.663199993e+16
1.552319994e+16
1.501920003e+16
1.476719994e+16
1.537199994e+16
1.597680003e+16
1.627919993e+16
1.602719994e+16
1.562400003e+16
1.537199994e+16
1.501919994e+16
1.592640003e+16
1.653119993e+16
1.506959994e+16
1.547280003e+16
1.567439994e+16
1.501919994e+16
1.501920003e+16
1.572479994e+16
1.506959997e+16
1.466639998e+16
1.501919997e+16
1.456559997e+16
1.441439998e+16
1.416239997e+16
1.365839995e+16
1.688400003e+16
1.476719994e+16
1.461599994e+16
1.380960003e+16
1.506959994e+16
1.305359995e+16
1.481760003e+16
1.789199993e+16
1.451519994e+16
1.375920003e+16
1.370879995e+16
1.542239994e+16
1.471680003e+16
1.542239994e+16
1.365839995e+16
1.386000003e+16
1.663199993e+16
1.396079994e+16
1.748880003e+16
1.522079994e+16
1.577519994e+16
1.728720003e+16
1.779119993e+16
1.527120006e+16
1.406160006e+16
1.406160005e+16
1.512000006e+16
1.501920007e+16
1.295280005e+16
1.431360003e+16
1.537200012e+16
1.481760003e+16
1.436400003e+16
1.602720013e+16
1.506960003e+16
1.476720003e+16
1.451520012e+16
1.491840003e+16
1.421280003e+16
1.522080012e+16
1.643040003e+16
1.476720003e+16
1.466640012e+16
1.547280003e+16
1.663200003e+16
1.607760013e+16
1.270080003e+16
1.622880003e+16
1.577520013e+16
1.542240003e+16
1.542240003e+16
1.451520012e+16
1.622880003e+16
1.431359997e+16
1.572479997e+16
1.431359997e+16
1.391039997e+16
1.481759998e+16
1.345679997e+16
1.476719994e+16
1.461600003e+16
1.401119994e+16
1.451519994e+16
1.688400003e+16
1.537199994e+16
1.587599994e+16
1.491840003e+16
1.486799994e+16
1.451519994e+16
1.501920003e+16
1.471679994e+16
1.612799994e+16
1.330560003e+16
1.411199994e+16
1.673279993e+16
1.547280003e+16
1.567439994e+16
1.466639994e+16
1.446480003e+16
1.577519994e+16
1.582559994e+16
1.466640003e+16
1.380959994e+16
1.527119997e+16
1.602719997e+16
1.451519997e+16
1.471679997e+16
1.421279998e+16
1.592639996e+16
1.421279994e+16
1.582560003e+16
1.441439994e+16
1.426319994e+16
1.426320003e+16
1.511999994e+16
1.517039994e+16
1.663200003e+16
1.461599994e+16
1.461599994e+16
1.461600003e+16
1.733759993e+16
1.637999993e+16
1.648080003e+16
1.259999995e+16
1.532159994e+16
1.577520003e+16
1.547279994e+16
1.572479994e+16
1.643040003e+16
1.582559994e+16
1.506959994e+16
1.522080003e+16
1.557359994e+16
1.421280005e+16
1.547280007e+16
1.456560006e+16
1.532160006e+16
1.441440006e+16
1.431360005e+16
1.597680003e+16
1.401120011e+16
1.572480003e+16
1.617840003e+16
1.461600012e+16
1.426320003e+16
1.401120003e+16
1.441440012e+16
1.567440003e+16
1.562400003e+16
1.643040013e+16
1.552320003e+16
1.396080003e+16
1.501920012e+16
1.537200003e+16
1.552320003e+16
1.612800013e+16
1.456560003e+16
1.607760003e+16
1.476720012e+16
1.557360003e+16
1.648080003e+16
1.567440013e+16
1.532160003e+16
1.496879997e+16
1.532159998e+16
1.365839997e+16
1.501919997e+16
1.491839998e+16
1.365839997e+16
1.622879994e+16
1.577520003e+16
1.406159994e+16
1.476719994e+16
1.517040003e+16
1.517039994e+16
1.431359994e+16
1.592640003e+16
1.461599994e+16
1.552319994e+16
1.582560003e+16
1.431359994e+16
1.678319993e+16
1.406160003e+16
1.683359993e+16
1.461599994e+16
1.587600003e+16
1.421279994e+16
1.441439994e+16
1.527120003e+16
1.481759994e+16
1.522079994e+16
1.517040003e+16
1.557359994e+16
1.421279997e+16
1.466639998e+16
1.421279997e+16
1.451519997e+16
1.370879998e+16
1.491839997e+16
1.517039994e+16
1.471680003e+16
1.335599995e+16
1.340639995e+16
1.471680003e+16
1.547279994e+16
1.385999994e+16
1.512000003e+16
1.678319993e+16
1.552319994e+16
1.517040003e+16
1.501919994e+16
1.557359994e+16
1.557360003e+16
1.658159993e+16
1.511999994e+16
1.728720003e+16
1.496879994e+16
1.567439994e+16
1.597680003e+16
1.496879994e+16
1.577519994e+16
1.537200003e+16
1.511999994e+16
1.345680005e+16
1.355760006e+16
1.602720006e+16
1.501920006e+16
1.375920006e+16
1.592640006e+16
1.441440003e+16
1.476720012e+16
1.537200003e+16
1.380960003e+16
1.391040011e+16
1.451520003e+16
1.456560003e+16
1.562400012e+16
1.552320003e+16
1.305360003e+16
1.456560012e+16
1.431360003e+16
1.632960003e+16
1.481760012e+16
1.441440003e+16
1.622880003e+16
1.391040011e+16
1.506960003e+16
1.406160003e+16
1.602720013e+16
1.330560003e+16
1.547280003e+16
1.496880012e+16
1.496880003e+16
1.506959997e+16
1.426319998e+16
1.537199997e+16
1.532159997e+16
1.335599998e+16
1.547279997e+16
1.431359994e+16
1.406160003e+16
1.552319994e+16
1.406159994e+16
1.441440003e+16
1.557359994e+16
1.254959995e+16
1.658160003e+16
1.592639994e+16
1.643039993e+16
1.355760003e+16
1.562399994e+16
1.466639994e+16
1.325520003e+16
1.632959993e+16
1.486799994e+16
1.612800003e+16
1.637999993e+16
1.607759994e+16
1.638000003e+16
1.547279994e+16
1.496879994e+16
1.506960003e+16
1.698479993e+16
1.557359997e+16
1.416239998e+16
1.411199997e+16
1.385999997e+16
1.562399998e+16
1.270079997e+16
1.446479994e+16
1.532160003e+16
1.411199994e+16
1.345679995e+16
1.532160003e+16
1.360799995e+16
1.436399994e+16
1.401120003e+16
1.446479994e+16
1.491839994e+16
1.396080003e+16
1.552319994e+16
1.527119994e+16
1.360800003e+16
1.481759994e+16
1.466639994e+16
1.471680003e+16
1.481759994e+16
1.511999994e+16
1.612800003e+16
1.698479993e+16
1.572479994e+16
1.753920004e+16
1.592639994e+16
1.325520005e+16
1.330560006e+16
1.375920005e+16
1.446480005e+16
1.471680006e+16
1.401120005e+16
1.552320003e+16
1.486800012e+16
1.421280003e+16
1.547280003e+16
1.567440013e+16
1.517040003e+16
1.471680003e+16
1.481760012e+16
1.638000003e+16
1.527120003e+16
1.567440013e+16
1.713600003e+16
1.421280003e+16
1.562400012e+16
1.436400003e+16
1.658160003e+16
1.512000012e+16
1.416240003e+16
1.461600003e+16
1.441440012e+16
1.491840003e+16
1.512000003e+16
1.607760013e+16
1.638000003e+16
1.476719997e+16
1.491839998e+16
1.441439997e+16
1.532159997e+16
1.567439997e+16
1.572479997e+16
1.446479994e+16
1.517040003e+16
1.406159994e+16
1.451519994e+16
1.481760003e+16
1.552319994e+16
1.431359994e+16
1.451520003e+16
1.517039994e+16
1.517039994e+16
1.451520003e+16
1.789199993e+16
1.527119994e+16
1.446480003e+16
1.486799994e+16
1.491839994e+16
1.607760003e+16
1.537199994e+16
1.547279994e+16
1.527120003e+16
1.522079994e+16
1.567439994e+16
1.572480003e+16
1.612799994e+16
1.511999997e+16
1.552319998e+16
1.552319997e+16
1.532159997e+16
1.320479998e+16
1.451519997e+16
1.350719995e+16
1.703520003e+16
1.527119994e+16
1.637999993e+16
1.582560003e+16
1.496879994e+16
1.441439994e+16
1.572480003e+16
1.431359994e+16
1.552319994e+16
1.648080003e+16
1.370879995e+16
1.426319994e+16
1.582560003e+16
1.582559994e+16
1.602719994e+16
1.673280003e+16
1.522079994e+16
1.501919994e+16
1.461600003e+16
1.461599994e+16
1.703519993e+16
1.597680003e+16
1.552319994e+16
1.481760006e+16
1.572480007e+16
1.360800005e+16
1.340640005e+16
1.587600007e+16
1.607760006e+16
1.441440003e+16
1.446480012e+16
1.532160003e+16
1.391040003e+16
1.547280012e+16
1.431360003e+16
1.577520003e+16
1.355760011e+16
1.496880003e+16
1.592640003e+16
1.587600013e+16
1.527120003e+16
1.290240003e+16
1.567440013e+16
1.375920003e+16
1.335600003e+16
1.506960012e+16
1.506960003e+16
1.496880003e+16
1.587600013e+16
1.632960003e+16
1.501920003e+16
1.617840013e+16
1.708560003e+16
1.365839997e+16
1.285199998e+16
1.511999997e+16
1.557359997e+16
1.396079998e+16
1.476719997e+16
1.496879994e+16
1.350720003e+16
1.567439994e+16
1.542239994e+16
1.537200003e+16
1.345679995e+16
1.547279994e+16
1.557360003e+16
1.396079994e+16
1.501919994e+16
1.456560003e+16
1.567439994e+16
1.506959994e+16
1.718640003e+16
1.532159994e+16
1.567439994e+16
1.597680003e+16
1.471679994e+16
1.643039993e+16
1.517040003e+16
1.582559994e+16
1.557359994e+16
1.436400003e+16
1.728719993e+16
1.466639997e+16
1.421279998e+16
1.441439997e+16
1.391039997e+16
1.456559998e+16
1.481759997e+16
1.451519994e+16
1.491840003e+16
1.517039994e+16
1.617839994e+16
1.471680003e+16
1.426319994e+16
1.532159994e+16
1.431360003e+16
1.345679995e+16
1.471679994e+16
1.663200003e+16
1.567439994e+16
1.416239994e+16
1.617840003e+16
1.406159994e+16
1.406159994e+16
1.582560003e+16
1.481759994e+16
1.486799994e+16
1.688400003e+16
1.471679994e+16
1.537199994e+16
1.562400003e+16
1.713599993e+16
1.572480006e+16
1.325520006e+16
1.406160005e+16
1.476720006e+16
1.547280007e+16
1.491840006e+16
1.406160003e+16
1.370880011e+16
1.421280003e+16
1.391040003e+16
1.501920012e+16
1.466640003e+16
1.466640003e+16
1.547280012e+16
1.617840003e+16
1.471680003e+16
1.527120012e+16
1.401120003e+16
1.501920003e+16
1.29024001e+16
1.396080003e+16
1.456560003e+16
1.491840012e+16
1.537200003e+16
1.592640003e+16
1.703520014e+16
1.607760003e+16
1.552320003e+16
1.834560015e+16
1.552320003e+16
1.380959997e+16
1.350719998e+16
1.461599997e+16
1.476719997e+16
1.360799998e+16
1.446479997e+16
1.552319994e+16
1.537200003e+16
1.612799994e+16
1.335599995e+16
1.491840003e+16
1.532159994e+16
1.461599994e+16
1.587600003e+16
1.557359994e+16
1.587599994e+16
1.607760003e+16
1.451519994e+16
1.411199994e+16
1.542240003e+16
1.471679994e+16
1.587599994e+16
1.501920003e+16
1.552319994e+16
1.632959993e+16
1.431360003e+16
1.426319994e+16
1.527119994e+16
1.522080003e+16
1.582559994e+16
1.396079997e+16
1.320479998e+16
1.481759997e+16
1.396079997e+16
1.330559998e+16
1.537199997e+16
1.617839994e+16
1.451520003e+16
1.391039994e+16
1.557359994e+16
1.441440003e+16
1.506959994e+16
1.496879994e+16
1.446480003e+16
1.426319994e+16
1.461599994e+16
1.476720003e+16
1.713599993e+16
1.501919994e+16
1.592640003e+16
1.547279994e+16
1.522079994e+16
1.602720003e+16
1.683359993e+16
1.698479993e+16
1.517040003e+16
1.511999994e+16
1.476719994e+16
1.572480003e+16
1.708559993e+16
1.506960006e+16
1.375920006e+16
1.522080006e+16
1.285200005e+16
1.441440006e+16
1.456560006e+16
1.491840003e+16
1.441440012e+16
1.597680003e+16
1.517040003e+16
1.602720013e+16
1.411200003e+16
1.501920003e+16
1.491840012e+16
1.386000003e+16
1.638000003e+16
1.537200012e+16
1.537200003e+16
1.451520003e+16
1.617840013e+16
1.547280003e+16
1.653120003e+16
1.552320012e+16
1.517040003e+16
1.527120003e+16
1.496880012e+16
1.466640003e+16
1.461600003e+16
1.632960013e+16
1.512000003e+16
1.451519997e+16
1.567439997e+16
1.431359997e+16
1.547279997e+16
1.466639998e+16
1.607759996e+16
1.396079994e+16
1.486800003e+16
1.471679994e+16
1.557359994e+16
1.542240003e+16
1.511999994e+16
1.552319994e+16
1.582560003e+16
1.436399994e+16
1.622879994e+16
1.471680003e+16
1.496879994e+16
1.643039993e+16
1.693440003e+16
1.562399994e+16
1.683359993e+16
1.627920003e+16
1.496879994e+16
1.658159993e+16
1.557360003e+16
1.577519994e+16
1.496879994e+16
1.562400003e+16
1.552319994e+16
1.612799994e+16
1.602720003e+16
1.547279994e+16
1.648079993e+16
1.617840003e+16
1.612799994e+16
1.506959994e+16
1.592640003e+16
1.522079994e+16
1.678319993e+16
1.587600003e+16
1.748879993e+16
1.592639994e+16
1.527120003e+16
1.648079993e+16
1.592639994e+16
1.617840003e+16
1.607759994e+16
1.617839994e+16
1.632960003e+16
1.602719994e+16
1.517039994e+16
1.527120003e+16
1.693439993e+16
1.582559994e+16
1.668240003e+16
1.552319994e+16
1.688399993e+16
1.638000003e+16
1.446479994e+16
1.491840003e+16
1.466640012e+16
1.638000003e+16
1.506960003e+16
1.668240013e+16
1.602720003e+16
1.592640003e+16
1.491840012e+16
1.643040003e+16
1.622880003e+16
1.678320013e+16
1.748880003e+16
1.577520003e+16
1.698480014e+16
1.638000003e+16
1.622880003e+16
1.693440014e+16
1.552320003e+16
1.819440004e+16
1.401120011e+16
1.577520003e+16
1.693440003e+16
1.638000013e+16
1.522080003e+16
1.779120004e+16
1.799280014e+16
1.673280003e+16
1.557360003e+16
1.380960011e+16
1.688400003e+16
1.653119993e+16
1.572480003e+16
1.572479994e+16
1.466639994e+16
1.643040003e+16
1.612799994e+16
1.577519994e+16
1.587600003e+16
1.612799994e+16
1.617839994e+16
1.627920003e+16
1.537199994e+16
1.491839994e+16
1.653120003e+16
1.763999993e+16
1.547279994e+16
1.607760003e+16
1.678319993e+16
1.557359994e+16
1.522080003e+16
1.713599993e+16
1.486799994e+16
1.552320003e+16
1.738799993e+16
1.748879993e+16
1.764000004e+16
1.612799994e+16
1.547279994e+16
1.693440003e+16
1.511999994e+16
1.506959994e+16
1.622880003e+16
1.506959994e+16
1.698479993e+16
1.476720003e+16
1.557359994e+16
1.637999993e+16
1.587600003e+16
1.441439994e+16
1.648079993e+16
1.441440003e+16
1.627919993e+16
1.426319994e+16
1.582560003e+16
1.622879994e+16
1.728719993e+16
1.481760003e+16
1.597679994e+16
1.632959993e+16
1.552320003e+16
1.688399993e+16
1.607759994e+16
1.587600003e+16
1.627919993e+16
1.728719993e+16
1.416240003e+16
1.396079994e+16
1.557359994e+16
1.622880003e+16
1.688399993e+16
1.653120003e+16
1.527120012e+16
1.542240003e+16
1.517040003e+16
1.441440012e+16
1.421280003e+16
1.537200003e+16
1.678320013e+16
1.446480003e+16
1.622880003e+16
1.743840014e+16
1.597680003e+16
1.456560003e+16
1.607760013e+16
1.501920003e+16
1.648080003e+16
1.587600013e+16
1.557360003e+16
1.587600003e+16
1.617840013e+16
1.577520003e+16
1.496880003e+16
1.728720014e+16
1.537200003e+16
1.738800003e+16
1.506960012e+16
1.733760003e+16
1.577520003e+16
1.547280012e+16
1.602720003e+16
1.769039993e+16
1.622880003e+16
1.481759994e+16
1.506959994e+16
1.592640003e+16
1.648079993e+16
1.547279994e+16
1.602720003e+16
1.557359994e+16
1.668239993e+16
1.658160003e+16
1.582559994e+16
1.602719994e+16
1.451520003e+16
1.350719995e+16
1.844639993e+16
1.658160003e+16
1.703519993e+16
1.668239993e+16
1.723680003e+16
1.582559994e+16
1.658159993e+16
1.597680003e+16
1.683359993e+16
1.668239993e+16
1.456560003e+16
1.678319993e+16
1.522079994e+16
1.592640003e+16
1.683359993e+16
1.637999993e+16
1.426320003e+16
1.587599994e+16
1.592639994e+16
1.673280003e+16
1.446479994e+16
1.637999993e+16
1.683360003e+16
1.648079993e+16
1.627919993e+16
1.421280003e+16
1.617839994e+16
1.552319994e+16
1.708560003e+16
1.733759993e+16
1.668239993e+16
1.713600003e+16
1.653119993e+16
1.748879993e+16
1.658160003e+16
1.562399994e+16
1.738799993e+16
1.547280003e+16
1.426319994e+16
1.612799994e+16
1.572480003e+16
1.748879993e+16
1.738799993e+16
1.582560003e+16
1.577519994e+16
1.466640003e+16
1.401120011e+16
1.532160003e+16
1.506960003e+16
1.532160012e+16
1.698480003e+16
1.592640003e+16
1.471680012e+16
1.597680003e+16
1.597680003e+16
1.678320013e+16
1.517040003e+16
1.512000003e+16
1.683360013e+16
1.612800003e+16
1.627920003e+16
1.774080014e+16
1.537200003e+16
1.532160003e+16
1.784160014e+16
1.638000003e+16
1.693440003e+16
1.738800014e+16
1.743840003e+16
1.648080003e+16
1.743840014e+16
1.784160004e+16
1.557360003e+16
1.506960012e+16
1.572480003e+16
1.542239994e+16
1.506960003e+16
1.753919993e+16
1.471679994e+16
1.577520003e+16
1.597679994e+16
1.653119993e+16
1.738800003e+16
1.653119993e+16
1.779119993e+16
1.522080003e+16
1.673279993e+16
1.653119993e+16
1.562400003e+16
1.693439993e+16
1.572479994e+16
1.849680004e+16
1.637999993e+16
1.607759994e+16
1.663200003e+16
1.607759994e+16
1.673279993e+16
1.582560003e+16
1.753919993e+16
1.572479994e+16
1.668240003e+16
1.743839993e+16
1.663199993e+16
1.622880003e+16
1.577519994e+16
1.486799994e+16
1.547280003e+16
1.577519994e+16
1.537199994e+16
1.627920003e+16
1.511999994e+16
1.643039993e+16
1.622880003e+16
1.496879994e+16
1.481759994e+16
1.451520003e+16
1.572479994e+16
1.753919993e+16
1.547280003e+16
1.627919993e+16
1.637999993e+16
1.416240003e+16
1.532159994e+16
1.592639994e+16
1.607760003e+16
1.567439994e+16
1.743839993e+16
1.632960003e+16
1.612799994e+16
1.648079993e+16
1.527120003e+16
1.572479994e+16
1.698479993e+16
1.602720003e+16
1.774079993e+16
1.582560003e+16
1.456560012e+16
1.632960003e+16
1.512000003e+16
1.547280012e+16
1.683360003e+16
1.708560003e+16
1.542240012e+16
1.617840003e+16
1.461600003e+16
1.496880012e+16
1.663200003e+16
1.542240003e+16
1.597680013e+16
1.668240003e+16
1.658160003e+16
1.622880013e+16
1.597680003e+16
1.743840003e+16
1.612800013e+16
1.597680003e+16
1.446480003e+16
1.627920013e+16
1.653120003e+16
1.683360003e+16
1.486800012e+16
1.668240003e+16
1.764000004e+16
1.562400012e+16
1.638000003e+16
1.552319994e+16
1.522080003e+16
1.648079993e+16
1.552319994e+16
1.522080003e+16
1.567439994e+16
1.557359994e+16
1.522080003e+16
1.617839994e+16
1.829519993e+16
1.597680003e+16
1.617839994e+16
1.557359994e+16
1.451520003e+16
1.557359994e+16
1.632959993e+16
1.698480003e+16
1.617839994e+16
1.723679993e+16
1.512000003e+16
1.602719994e+16
1.703519993e+16
1.552320003e+16
1.713599993e+16
1.769039993e+16
1.587600003e+16
1.471679994e+16
1.431359994e+16
1.764000004e+16
1.658159993e+16
1.542239994e+16
1.557360003e+16
1.607759994e+16
1.612799994e+16
1.713600003e+16
1.632959993e+16
1.728719993e+16
1.582560003e+16
1.602719994e+16
1.451519994e+16
1.547280003e+16
1.491839994e+16
1.663199993e+16
1.617840003e+16
1.552319994e+16
1.683359993e+16
1.663200003e+16
1.663199993e+16
1.930319992e+16
1.587600003e+16
1.557359994e+16
1.632959993e+16
1.597680003e+16
1.567439994e+16
1.552319994e+16
1.612800003e+16
1.567439994e+16
1.582559994e+16
1.617840003e+16
1.612799994e+16
1.517040003e+16
1.496880012e+16
1.517040003e+16
1.547280003e+16
1.517040012e+16
1.466640003e+16
1.512000003e+16
1.708560014e+16
1.557360003e+16
1.769040004e+16
1.612800013e+16
1.769040004e+16
1.476720003e+16
1.592640013e+16
1.668240003e+16
1.673280003e+16
1.597680013e+16
1.622880003e+16
1.673280003e+16
1.718640014e+16
1.693440003e+16
1.920240004e+16
1.703520014e+16
1.728720003e+16
1.673280003e+16
1.547280012e+16
1.673280003e+16
1.663200003e+16
1.673280013e+16
1.562400003e+16
1.355759995e+16
1.527120003e+16
1.295279995e+16
1.436399994e+16
1.758960004e+16
1.668239993e+16
1.653119993e+16
1.552320003e+16
1.607759994e+16
1.708559993e+16
1.627920003e+16
1.587599994e+16
1.688399993e+16
1.582560003e+16
1.587599994e+16
1.683359993e+16
1.648080003e+16
1.391039994e+16
1.431359994e+16
1.607760003e+16
1.779119993e+16
1.627919993e+16
1.577520003e+16
1.698479993e+16
1.678319993e+16
1.582560003e+16
1.668239993e+16
1.733759993e+16
1.653120003e+16
1.567439994e+16
1.532159994e+16
1.512000003e+16
1.622879994e+16
1.557359994e+16
1.431360003e+16
1.396079994e+16
1.506959994e+16
1.643040003e+16
1.436399994e+16
1.602719994e+16
1.491840003e+16
1.461599994e+16
1.723679993e+16
1.789200004e+16
1.748879993e+16
1.718639993e+16
1.441440003e+16
1.401119994e+16
1.668239993e+16
1.658160003e+16
1.496879994e+16
1.542239994e+16
1.794240004e+16
1.506959994e+16
1.597679994e+16
1.648080003e+16
1.693439993e+16
1.688399993e+16
1.602720003e+16
1.758959993e+16
1.512000003e+16
1.501920012e+16
1.537200003e+16
1.587600003e+16
1.446480012e+16
1.547280003e+16
1.481760003e+16
1.501920012e+16
1.723680003e+16
1.678320003e+16
1.522080012e+16
1.567440003e+16
1.753920004e+16
1.471680012e+16
1.547280003e+16
1.668240003e+16
1.461600012e+16
1.416240003e+16
1.653120003e+16
1.718640014e+16
1.627920003e+16
1.668240003e+16
1.728720014e+16
1.506960003e+16
1.713600003e+16
1.632960013e+16
1.638000003e+16
1.718640003e+16
1.643040013e+16
1.920240004e+16
1.663199993e+16
1.638000003e+16
1.501919994e+16
1.350719995e+16
1.532160003e+16
1.733759993e+16
1.461599994e+16
1.592640003e+16
1.728719993e+16
1.476719994e+16
1.632960003e+16
1.466639994e+16
1.658159993e+16
1.622880003e+16
1.658159993e+16
1.522079994e+16
1.486800003e+16
1.678319993e+16
1.612799994e+16
1.587600003e+16
1.557359994e+16
1.748879993e+16
1.622880003e+16
1.668239993e+16
1.547279994e+16
1.567440003e+16
1.693439993e+16
1.678319993e+16
1.481760003e+16
1.658159993e+16
1.562399994e+16
1.587600003e+16
1.330559995e+16
1.668239993e+16
1.456560003e+16
1.532159994e+16
1.491839994e+16
1.496880003e+16
1.577519994e+16
1.602719994e+16
1.607760003e+16
1.542239994e+16
1.552319994e+16
1.542240003e+16
1.547279994e+16
1.653119993e+16
1.683360003e+16
1.547279994e+16
1.587599994e+16
1.617840003e+16
1.693439993e+16
1.693439993e+16
1.411200003e+16
1.658159993e+16
1.632959993e+16
1.688400003e+16
1.592639994e+16
1.748879993e+16
1.542240003e+16
1.708559993e+16
1.638000003e+16
1.512000012e+16
1.693440003e+16
1.471680003e+16
1.562400012e+16
1.532160003e+16
1.562400003e+16
1.723680014e+16
1.552320003e+16
1.466640003e+16
1.617840013e+16
1.506960003e+16
1.557360003e+16
1.658160013e+16
1.512000003e+16
1.587600003e+16
1.653120013e+16
1.587600003e+16
1.592640003e+16
1.557360012e+16
1.758960004e+16
1.638000003e+16
1.517040012e+16
1.587600003e+16
1.683360003e+16
1.567440013e+16
1.673280003e+16
1.648080003e+16
1.602720013e+16
1.733760003e+16
1.572479994e+16
1.557360003e+16
1.622879994e+16
1.577519994e+16
1.517040003e+16
1.557359994e+16
1.486799994e+16
1.774080004e+16
1.592639994e+16
1.456559994e+16
1.476720003e+16
1.476719994e+16
1.648079993e+16
1.587600003e+16
1.663199993e+16
1.713599993e+16
1.567440003e+16
1.738799993e+16
1.496879994e+16
1.622880003e+16
1.481759994e+16
1.738799993e+16
1.799280004e+16
1.779119993e+16
1.668239993e+16
1.814400004e+16
1.668239993e+16
1.617839994e+16
1.673280003e+16
1.829519993e+16
1.532159994e+16
1.466640003e+16
1.617839994e+16
1.567439994e+16
1.582560003e+16
1.522079994e+16
1.622879994e+16
1.698480003e+16
1.693439993e+16
1.632959993e+16
1.552320003e+16
1.522079994e+16
1.557359994e+16
1.375920003e+16
1.658159993e+16
1.723679993e+16
1.547280003e+16
1.874879993e+16
1.567439994e+16
1.748880003e+16
1.733759993e+16
1.668239993e+16
1.683360003e+16
1.592639994e+16
1.451519994e+16
1.723680003e+16
1.562399994e+16
1.769039993e+16
1.774080004e+16
1.643039993e+16
1.658160003e+16
1.713600014e+16
1.486800003e+16
1.421280003e+16
1.522080012e+16
1.456560003e+16
1.491840003e+16
1.638000013e+16
1.627920003e+16
1.617840003e+16
1.537200012e+16
1.648080003e+16
1.627920003e+16
1.552320012e+16
1.416240003e+16
1.517040003e+16
1.527120012e+16
1.638000003e+16
1.577520003e+16
1.537200012e+16
1.587600003e+16
1.587600003e+16
1.446480012e+16
1.658160003e+16
1.673280003e+16
1.638000013e+16
1.653120003e+16
1.572480003e+16
1.698480014e+16
1.668240003e+16
1.572479994e+16
1.668240003e+16
1.602719994e+16
1.355759995e+16
1.542240003e+16
1.567439994e+16
1.582559994e+16
1.597680003e+16
1.567439994e+16
1.491839994e+16
1.632960003e+16
1.552319994e+16
1.542239994e+16
1.486800003e+16
1.597679994e+16
1.627919993e+16
1.501920003e+16
1.658159993e+16
1.592639994e+16
1.527120003e+16
1.572479994e+16
1.819439993e+16
1.673280003e+16
1.592639994e+16
1.708559993e+16
1.789200004e+16
1.577519994e+16
1.506959994e+16
1.683360003e+16
1.758959993e+16
1.748879993e+16
1.522080003e+16
1.542239994e+16
1.481759994e+16
1.522080003e+16
1.738799993e+16
1.643039993e+16
1.486800003e+16
1.673279993e+16
1.476719994e+16
1.643040003e+16
1.678319993e+16
1.441439994e+16
1.577520003e+16
1.411199994e+16
1.763999993e+16
1.506960003e+16
1.602719994e+16
1.703519993e+16
1.723680003e+16
1.678319993e+16
1.738799993e+16
1.446480003e+16
1.617839994e+16
1.784159993e+16
1.632960003e+16
1.597679994e+16
1.743839993e+16
1.758960004e+16
1.779119993e+16
1.597680003e+16
1.673280013e+16
1.648080003e+16
1.708560003e+16
1.728720014e+16
1.617840003e+16
1.537200003e+16
1.632960013e+16
1.537200003e+16
1.512000003e+16
1.738800014e+16
1.370880003e+16
1.562400003e+16
1.632960013e+16
1.562400003e+16
1.587600003e+16
1.597680013e+16
1.537200003e+16
1.572480003e+16
1.496880012e+16
1.819440004e+16
1.562400003e+16
1.527120012e+16
1.592640003e+16
1.733760003e+16
1.688400014e+16
1.602720003e+16
1.673280003e+16
1.743840014e+16
1.653120003e+16
1.557359994e+16
1.663200003e+16
1.562399994e+16
1.481759994e+16
1.552320003e+16
1.683359993e+16
1.577519994e+16
1.612800003e+16
1.496879994e+16
1.673279993e+16
1.537200003e+16
1.708559993e+16
1.617839994e+16
1.471680003e+16
1.511999994e+16
1.648079993e+16
1.557360003e+16
1.718639993e+16
1.517039994e+16
1.643040003e+16
1.592639994e+16
1.572479994e+16
1.506960003e+16
1.834559993e+16
1.597679994e+16
1.653120003e+16
1.804319993e+16
1.562399994e+16
1.794240004e+16
1.637999993e+16
1.527119994e+16
1.748880003e+16
1.567439994e+16
1.643039993e+16
1.522080003e+16
1.446479994e+16
1.552319994e+16
1.496880003e+16
1.537199994e+16
1.552319994e+16
1.471680003e+16
1.577519994e+16
1.597679994e+16
1.562400003e+16
1.471679994e+16
1.542239994e+16
1.562400003e+16
1.451519994e+16
1.627919993e+16
1.476720003e+16
1.718639993e+16
1.648079993e+16
1.713600003e+16
1.693439993e+16
1.597679994e+16
1.794240004e+16
1.728719993e+16
1.723679993e+16
1.879920004e+16
1.648079993e+16
1.451520003e+16
1.587600013e+16
1.632960003e+16
1.582560003e+16
1.663200013e+16
1.713600003e+16
1.577520003e+16
1.537200012e+16
1.587600003e+16
1.627920003e+16
1.350720011e+16
1.537200003e+16
1.592640003e+16
1.481760012e+16
1.501920003e+16
1.748880003e+16
1.547280012e+16
1.567440003e+16
1.506960003e+16
1.406160011e+16
1.648080003e+16
1.501920003e+16
1.638000013e+16
1.632960003e+16
1.774080004e+16
1.658160013e+16
1.622880003e+16
1.617840003e+16
1.920240015e+16
1.698480003e+16
1.411199994e+16
1.622880003e+16
1.723679993e+16
1.698479993e+16
1.627920003e+16
1.496879994e+16
1.496879994e+16
1.587600003e+16
1.532159994e+16
1.547279994e+16
1.547280003e+16
1.587599994e+16
1.572479994e+16
1.552320003e+16
1.678319993e+16
1.602719994e+16
1.542240003e+16
1.471679994e+16
1.537199994e+16
1.486800003e+16
1.718639993e+16
1.481759994e+16
1.758960004e+16
1.673279993e+16
1.668239993e+16
1.703520003e+16
1.612799994e+16
1.496879994e+16
1.723680003e+16
1.723679993e+16
)
;

boundaryField
{
    FLOW
    {
        type            calculated;
        value           nonuniform List<scalar> 
60
(
4041.0312
4462.404292
4357.432422
4002.755354
3989.477137
4265.147983
4450.854154
4509.738509
3816.919065
4163.148803
4715.460054
3599.575562
4370.628083
4583.303879
4377.16576
3928.126943
4743.426664
4448.670226
4083.656955
4587.359957
4601.06616
4255.029206
4672.898533
4364.010253
4343.472031
3931.512914
4672.240395
3984.217723
4216.899569
4161.643024
4549.139115
4774.26528
4570.74198
4280.465137
4088.811608
4422.376165
4444.426568
4400.312695
4634.499554
4846.012019
4269.010021
4632.061556
4248.561552
4366.087426
4639.846457
4427.383298
4241.725463
4350.807051
4284.067534
6058.417288
5001.094909
4296.032493
4082.84124
4251.390395
4696.933713
4696.957148
4601.885483
5270.826337
4711.249533
4957.822867
)
;
    }
    WALL
    {
        type            calculated;
        value           nonuniform List<scalar> 
180
(
3826.558177
4743.013766
4762.437218
3944.743557
4486.122612
4088.478553
4211.603448
4476.071567
4434.495087
4573.967088
4363.561426
4333.329557
4106.469704
4284.90108
4039.588855
3653.724753
3769.056724
4330.21543
4201.674564
3818.648877
4197.033174
4302.667724
4193.233419
3917.177773
3712.076309
3973.051775
4143.750708
4130.963809
4133.582359
3767.020134
4496.432409
3776.446979
3939.826713
3989.37028
4884.17119
4600.200243
4181.569874
4583.544478
4120.39736
4160.528896
4233.557628
5131.121614
4236.257749
4212.802799
4049.817869
4743.005784
4195.545674
4144.320589
4017.750861
3937.768208
4280.445169
3923.206095
4030.005939
4890.662879
4232.436575
5044.712652
4285.221471
4191.01445
4798.955088
4296.599969
3820.994092
3999.190512
4209.181056
3771.604045
4382.218869
5700.896178
4002.6213
4545.198491
4106.71195
4480.581068
3970.128032
4376.361138
3785.860227
4358.968233
3993.146701
4412.107301
4255.072977
4631.164161
4181.87088
4339.980674
4560.797432
4157.855656
4228.74013
3901.490159
3931.376135
4629.103134
4647.695801
4606.918074
4615.928556
4365.430824
4153.911998
3785.941702
4117.534755
4126.877006
4070.168076
4130.690488
3953.996701
4663.307832
4312.504044
4418.864559
4496.156593
4700.943473
5252.76923
4074.935413
4256.225058
4924.708967
4920.125673
4621.88817
4113.232018
4780.574456
4642.13213
4325.936186
4712.647599
4450.144876
3937.755164
4328.974358
4248.672697
5476.301042
4503.36894
4748.702678
4540.282928
4439.116561
4415.010997
4459.050495
4996.087041
4313.372363
4031.719619
4308.159673
4607.279468
4060.438631
4486.982336
5127.035219
5105.084638
5554.59313
4536.235158
4763.635767
4259.091033
4363.941465
4720.17657
4663.982303
4605.434439
4357.530322
4566.474399
5030.151401
4883.748381
4350.61513
4737.795895
4841.995244
4132.294831
4678.591986
4196.848997
4379.942607
4664.056518
4812.691657
4268.995872
4773.391993
4694.09137
4815.109057
4834.26939
4488.386773
4796.981264
4634.129145
4566.374843
5269.896527
5215.385481
4992.356095
4619.218141
4417.859466
4708.1198
4605.553201
4625.985191
4304.836774
5258.864075
4675.984833
4300.776553
4339.288488
4640.026052
5382.099359
5272.654614
5029.13037
)
;
    }
    frontAndBack
    {
        type            empty;
    }
}


// ************************************************************************* //
