/*--------------------------------*- C++ -*----------------------------------*\
  =========                 |
  \\      /  F ield         | OpenFOAM: The Open Source CFD Toolbox
   \\    /   O peration     | Website:  https://openfoam.org
    \\  /    A nd           | Version:  6
     \\/     M anipulation  |
\*---------------------------------------------------------------------------*/
FoamFile
{
    version     2.0;
    format      ascii;
    class       volScalarField;
    location    "20.5";
    object      internalE;
}
// * * * * * * * * * * * * * * * * * * * * * * * * * * * * * * * * * * * * * //

dimensions      [1 -1 -2 0 0 0 0];

internalField   nonuniform List<scalar> 
3600
(
2.788772122e-05
2.642330086e-05
2.962583104e-05
2.507276761e-05
2.956519122e-05
2.635022113e-05
2.807668758e-05
2.641646482e-05
2.903490083e-05
2.934707764e-05
2.314169402e-05
3.312337508e-05
3.054389611e-05
2.697361786e-05
2.430269795e-05
2.940498278e-05
3.335986517e-05
2.931019582e-05
2.72939217e-05
3.068215635e-05
2.764210045e-05
2.784141676e-05
2.884010804e-05
2.879515709e-05
3.079750458e-05
3.437007846e-05
3.007352451e-05
2.89462448e-05
3.097761808e-05
2.871884301e-05
2.804086561e-05
2.488216001e-05
3.039290605e-05
2.834737606e-05
2.602796841e-05
2.810098262e-05
2.718150007e-05
2.836504676e-05
2.536311231e-05
2.962889497e-05
2.645086604e-05
2.66527832e-05
2.809950367e-05
2.771069368e-05
2.815234465e-05
2.705732274e-05
2.909251702e-05
3.320143364e-05
3.151521276e-05
2.705496935e-05
3.1861877e-05
2.387205965e-05
2.897263496e-05
3.140209619e-05
2.718633475e-05
3.141101177e-05
3.056337248e-05
2.799313991e-05
2.933956451e-05
2.742508401e-05
2.589675083e-05
2.806113678e-05
3.022220054e-05
2.647475849e-05
3.069126078e-05
3.360055259e-05
2.451614333e-05
2.696751095e-05
2.949257081e-05
3.106197729e-05
2.77204013e-05
2.944337956e-05
3.391774077e-05
2.507019417e-05
2.413534611e-05
2.482291379e-05
3.113899409e-05
2.71258034e-05
2.939033112e-05
2.543152995e-05
2.524012542e-05
2.334583801e-05
2.626840439e-05
2.528196937e-05
2.943717067e-05
3.363654355e-05
2.509702915e-05
2.979670775e-05
3.098660139e-05
3.19329194e-05
3.163982014e-05
2.34619327e-05
3.020689059e-05
2.829917068e-05
2.786511457e-05
2.676855638e-05
2.850450024e-05
2.728401228e-05
2.993579948e-05
2.755200895e-05
3.087778326e-05
2.536148492e-05
2.950883489e-05
3.044170938e-05
2.432397461e-05
2.704433741e-05
2.788134971e-05
3.091678232e-05
3.11639946e-05
2.909579468e-05
2.974033527e-05
2.868384294e-05
2.953999804e-05
3.319548736e-05
3.28735476e-05
2.720287411e-05
3.258014817e-05
3.188671577e-05
2.746132543e-05
3.141722275e-05
3.360317648e-05
3.157343559e-05
2.83948025e-05
3.054599673e-05
3.053186098e-05
2.5486704e-05
2.353989812e-05
2.922232028e-05
3.469463003e-05
2.909052576e-05
2.813713173e-05
3.118750538e-05
2.978290748e-05
2.821051725e-05
2.643543617e-05
2.641792339e-05
2.890998916e-05
2.944459056e-05
2.576232833e-05
3.034804601e-05
3.096359377e-05
3.144970934e-05
2.759642951e-05
3.102259675e-05
2.804608795e-05
2.923591076e-05
2.614823983e-05
3.477975541e-05
3.001612663e-05
2.70584913e-05
2.855705109e-05
2.549204044e-05
2.542352352e-05
2.974287257e-05
3.083093659e-05
3.172908417e-05
2.857707732e-05
3.066453382e-05
3.033087357e-05
3.039391573e-05
2.62056935e-05
2.519303204e-05
3.040644209e-05
3.035774649e-05
2.958451286e-05
3.331478568e-05
3.004607383e-05
3.006497014e-05
2.683951549e-05
3.307928395e-05
2.935904876e-05
3.262054336e-05
2.926516846e-05
2.814142877e-05
2.973706857e-05
2.698779833e-05
2.913948861e-05
2.879574464e-05
2.882134692e-05
2.812738034e-05
2.707445666e-05
2.800729885e-05
3.143495676e-05
3.374234112e-05
2.964491649e-05
2.844467504e-05
3.044570768e-05
2.872571689e-05
2.726197513e-05
2.99130094e-05
3.08574965e-05
2.611985636e-05
2.756209553e-05
2.90536353e-05
3.280855547e-05
2.649748246e-05
2.835415593e-05
3.193749058e-05
2.995280665e-05
2.671810243e-05
2.700545647e-05
2.648571024e-05
2.448532293e-05
2.927780923e-05
3.169020122e-05
2.937587336e-05
3.121303721e-05
2.602497764e-05
2.904468464e-05
2.799603769e-05
3.192042086e-05
2.81768177e-05
2.924375568e-05
2.936312749e-05
2.757178283e-05
2.717825626e-05
2.783066284e-05
3.144873433e-05
2.971650191e-05
3.080980361e-05
2.701794692e-05
2.924178971e-05
3.268676245e-05
2.407090718e-05
3.222831928e-05
2.887111967e-05
2.97346857e-05
3.315715157e-05
2.817604927e-05
3.010087771e-05
3.155822097e-05
2.944562521e-05
3.090577598e-05
2.818109312e-05
2.7827421e-05
2.870390144e-05
2.517703624e-05
2.931488237e-05
3.001451201e-05
3.237065529e-05
2.762036792e-05
2.769254852e-05
2.220605752e-05
3.199421964e-05
2.8920962e-05
2.578820834e-05
2.849227061e-05
2.784679432e-05
2.794224026e-05
2.776281391e-05
2.712895767e-05
2.867014926e-05
2.948628339e-05
2.767158857e-05
2.563367387e-05
2.468081317e-05
2.917647251e-05
2.566547472e-05
3.173480371e-05
3.05518522e-05
2.973418405e-05
2.731246473e-05
2.970372278e-05
2.886873734e-05
2.834860201e-05
3.121733369e-05
3.051037743e-05
2.678036257e-05
2.385769452e-05
2.978894664e-05
2.824678365e-05
2.879589293e-05
3.378590616e-05
3.076119603e-05
3.190436634e-05
2.84352164e-05
2.676188288e-05
3.398091413e-05
2.970685762e-05
2.860649994e-05
3.086527898e-05
2.864605839e-05
3.016512495e-05
2.897125136e-05
2.875630433e-05
2.939392662e-05
3.04419012e-05
2.725789744e-05
3.319768985e-05
3.309287959e-05
2.952034568e-05
3.027708208e-05
2.786154429e-05
2.705044793e-05
2.964935688e-05
2.701571491e-05
3.028876207e-05
3.195289232e-05
2.97697277e-05
2.99774533e-05
3.225488498e-05
2.97223029e-05
2.614913584e-05
2.970165767e-05
2.889937337e-05
2.857725843e-05
3.055875069e-05
2.399784587e-05
2.747365353e-05
2.520167188e-05
2.983346656e-05
2.532450403e-05
3.323296887e-05
2.653506263e-05
2.838559374e-05
2.76746578e-05
3.12496112e-05
2.738779914e-05
2.94360686e-05
2.7762792e-05
2.984911871e-05
3.009786768e-05
2.722476967e-05
3.034627543e-05
2.896593502e-05
2.866509521e-05
3.012798287e-05
2.822534287e-05
2.893575985e-05
3.021295424e-05
2.872927552e-05
2.908120965e-05
2.532645218e-05
2.829520643e-05
2.494034257e-05
2.725087298e-05
2.786884519e-05
2.754594259e-05
2.415253319e-05
2.36677381e-05
3.064451665e-05
3.079117069e-05
2.397547654e-05
2.844565289e-05
2.936462794e-05
2.546828792e-05
2.769573092e-05
2.773307154e-05
2.482968763e-05
2.591237302e-05
2.746898439e-05
3.159841454e-05
2.762367143e-05
2.217495475e-05
2.969143802e-05
3.045247753e-05
3.036526472e-05
2.913001329e-05
2.964541105e-05
3.393373576e-05
2.657207075e-05
2.977178798e-05
2.957329122e-05
2.546429387e-05
2.75534436e-05
2.747547653e-05
2.892287311e-05
3.008188216e-05
2.923223691e-05
2.730506976e-05
3.28280898e-05
2.715447012e-05
2.945207024e-05
2.953939435e-05
2.725200956e-05
2.814460565e-05
2.769325388e-05
2.8468149e-05
2.349216131e-05
2.815232329e-05
2.863231281e-05
2.702657352e-05
2.855929117e-05
2.933452879e-05
3.299399695e-05
3.371337523e-05
3.023636285e-05
2.875336848e-05
2.896538431e-05
2.86401528e-05
2.944217941e-05
2.724048512e-05
2.666049885e-05
2.571942293e-05
2.804901284e-05
3.401801275e-05
2.992385894e-05
2.588161025e-05
3.056621607e-05
2.524181725e-05
3.114412207e-05
2.606306748e-05
3.008794559e-05
2.959345894e-05
2.916142193e-05
2.788996203e-05
2.758624183e-05
2.698352678e-05
3.025725234e-05
3.038929507e-05
2.99051965e-05
3.110746645e-05
2.856059987e-05
2.908004271e-05
2.764440298e-05
2.69358709e-05
3.161599012e-05
2.867958494e-05
2.766427014e-05
3.519307315e-05
2.693498721e-05
2.588395396e-05
2.901949092e-05
3.26572279e-05
3.173479037e-05
3.04985903e-05
3.221715189e-05
2.525902183e-05
2.876104387e-05
2.649551313e-05
3.081637983e-05
3.467161351e-05
2.865458011e-05
3.066064666e-05
2.768390584e-05
2.950402191e-05
3.062979937e-05
2.710788106e-05
3.058800347e-05
2.840246553e-05
2.701824702e-05
3.508253126e-05
2.89844202e-05
2.813610122e-05
2.682786555e-05
2.902481805e-05
2.879840354e-05
2.639179204e-05
3.180157951e-05
2.554981011e-05
2.845195814e-05
2.599843035e-05
3.017236664e-05
2.725807984e-05
3.025168356e-05
2.660989772e-05
2.574342438e-05
2.602136845e-05
3.12816081e-05
2.997372608e-05
2.476196391e-05
3.162233133e-05
2.738254071e-05
2.976795406e-05
2.879689693e-05
3.175693468e-05
2.553030195e-05
2.421302222e-05
2.373418823e-05
2.814980334e-05
2.638528004e-05
2.822070585e-05
2.79935195e-05
2.913517691e-05
3.356613843e-05
3.18978286e-05
2.607519396e-05
2.797701084e-05
2.799759721e-05
2.779191971e-05
2.834174341e-05
2.843631581e-05
2.671007318e-05
2.769018538e-05
2.802356684e-05
3.058453181e-05
2.802329514e-05
2.704880783e-05
2.5961584e-05
2.723947821e-05
2.688001005e-05
3.139753565e-05
3.342911686e-05
3.101728961e-05
2.888163156e-05
2.971243606e-05
3.419413552e-05
2.726452189e-05
2.607623694e-05
3.024179476e-05
3.143027441e-05
2.812804933e-05
2.920200541e-05
3.203303335e-05
2.88944657e-05
2.354991158e-05
2.993317786e-05
2.625068433e-05
2.695613054e-05
2.40368382e-05
2.620562119e-05
3.016978964e-05
2.712216586e-05
2.860875826e-05
2.677601443e-05
2.610315993e-05
2.60887417e-05
3.159949113e-05
3.068178186e-05
2.781410961e-05
3.044980571e-05
2.949877582e-05
2.654955768e-05
2.494534198e-05
2.738562403e-05
3.245244162e-05
3.296799401e-05
3.194460193e-05
2.642303462e-05
2.665323747e-05
2.576648797e-05
3.326581241e-05
3.300775873e-05
2.750171887e-05
2.949174682e-05
2.817422194e-05
2.981811146e-05
2.912378965e-05
3.00795848e-05
2.769489439e-05
2.683569838e-05
3.081026131e-05
2.731230232e-05
2.67342617e-05
2.974456189e-05
2.948071984e-05
2.972212937e-05
3.000317237e-05
3.221669179e-05
2.905611887e-05
2.758873204e-05
2.866879435e-05
3.292603624e-05
2.423415966e-05
2.795683339e-05
2.660773323e-05
3.126848879e-05
3.134147427e-05
2.838228331e-05
2.678856424e-05
2.700483113e-05
3.125509437e-05
3.021294129e-05
2.741636687e-05
2.946313689e-05
2.932599724e-05
2.941037405e-05
3.205589169e-05
2.981311769e-05
2.821998413e-05
2.707476959e-05
2.967829499e-05
2.864098751e-05
3.13927839e-05
3.030824847e-05
2.899195522e-05
2.680481043e-05
2.759966373e-05
3.038129625e-05
3.214832796e-05
2.565256124e-05
2.904424628e-05
2.840228415e-05
3.113796357e-05
2.895113857e-05
3.05696138e-05
3.417271269e-05
2.705554136e-05
2.618582131e-05
2.49629655e-05
3.119688663e-05
2.708205642e-05
2.694349021e-05
3.004210246e-05
2.999815715e-05
2.692246996e-05
3.079627711e-05
2.521410764e-05
2.756963911e-05
2.749587755e-05
3.238758804e-05
2.654846982e-05
3.215373857e-05
2.337687382e-05
2.656571798e-05
2.626493321e-05
3.379501021e-05
2.834151073e-05
3.352859884e-05
2.884226125e-05
2.878919696e-05
2.286402332e-05
2.819136481e-05
2.827176964e-05
2.907502639e-05
3.03714418e-05
3.273568338e-05
2.917781383e-05
2.737334802e-05
2.824987118e-05
2.885941875e-05
2.306941064e-05
2.688232957e-05
2.703112699e-05
2.661273741e-05
3.075486192e-05
2.888881506e-05
2.598800986e-05
2.757285675e-05
2.748944212e-05
3.066129955e-05
2.739374462e-05
2.62381654e-05
2.851952427e-05
2.311120673e-05
2.690254904e-05
3.272636235e-05
2.981399055e-05
2.907200214e-05
2.798008988e-05
2.780059229e-05
3.004845346e-05
2.869423352e-05
2.917674402e-05
2.815292373e-05
2.939725331e-05
2.94557853e-05
3.383814457e-05
2.913870677e-05
2.834649748e-05
2.677110083e-05
2.931445405e-05
2.661171774e-05
2.610231895e-05
3.024422418e-05
2.618647102e-05
3.337047434e-05
2.588962181e-05
2.818386359e-05
2.589934953e-05
3.175200639e-05
2.975979389e-05
2.694430803e-05
2.976990882e-05
2.772560345e-05
2.462025261e-05
2.786951818e-05
2.647083634e-05
2.758344053e-05
2.829805698e-05
2.672833774e-05
2.752110173e-05
2.625329076e-05
2.927417682e-05
2.873238419e-05
2.563972971e-05
3.353692309e-05
3.348637275e-05
2.575891839e-05
3.095726107e-05
2.586573509e-05
3.018191561e-05
2.550386521e-05
2.982204812e-05
2.707278591e-05
2.756720225e-05
2.636029668e-05
2.765198985e-05
2.793257353e-05
2.839668086e-05
2.863419105e-05
2.691345601e-05
2.766151016e-05
3.140660785e-05
2.736226553e-05
2.875399618e-05
2.905535481e-05
2.699365076e-05
3.076120961e-05
2.659111433e-05
3.17121421e-05
2.851632284e-05
2.697108704e-05
2.871145516e-05
2.71246437e-05
2.637719038e-05
2.952715428e-05
2.781794217e-05
2.778969575e-05
3.092700479e-05
3.067840564e-05
2.739412008e-05
3.11375085e-05
2.779340988e-05
2.862582871e-05
2.979521799e-05
2.542712131e-05
3.079397735e-05
3.408921232e-05
3.023050706e-05
3.181973623e-05
2.617332227e-05
2.669961727e-05
2.678225393e-05
3.013266151e-05
2.389855477e-05
2.908639968e-05
2.778735385e-05
3.143944982e-05
2.657819409e-05
2.976192993e-05
2.787155631e-05
2.911683626e-05
2.61526694e-05
2.790953841e-05
2.655884915e-05
3.47787328e-05
2.972702456e-05
2.867979258e-05
3.129244535e-05
2.899228983e-05
2.948157049e-05
2.890026736e-05
2.756981315e-05
2.727589559e-05
3.144483101e-05
3.019418116e-05
2.757003133e-05
2.824524505e-05
3.126034999e-05
3.091985313e-05
2.306609389e-05
3.2517128e-05
2.944708873e-05
2.821556321e-05
2.898654137e-05
2.653513586e-05
2.633623981e-05
2.782617861e-05
2.872900601e-05
2.988060692e-05
3.123526136e-05
2.619371293e-05
2.974302607e-05
2.803888383e-05
2.805984075e-05
2.896649978e-05
2.973097469e-05
2.83885735e-05
3.049176461e-05
2.912523333e-05
2.528225639e-05
2.634605186e-05
3.104048021e-05
3.002641282e-05
2.864137057e-05
3.014633564e-05
2.881495286e-05
2.803365887e-05
2.861435575e-05
2.455281268e-05
2.628297831e-05
2.701493147e-05
2.480020241e-05
3.024852841e-05
2.847890639e-05
2.640790324e-05
2.677373126e-05
2.971371224e-05
2.605616257e-05
2.900640627e-05
2.964709119e-05
2.649949565e-05
2.65972207e-05
2.938940473e-05
2.395979845e-05
3.070606987e-05
2.702781999e-05
3.04442707e-05
2.669937622e-05
3.529984706e-05
2.807184262e-05
2.700446494e-05
2.689813183e-05
2.488488844e-05
2.889396137e-05
2.794580624e-05
3.001014062e-05
2.66365881e-05
3.034004817e-05
2.85093721e-05
2.637876702e-05
2.72539009e-05
2.937152422e-05
2.424257633e-05
2.805957564e-05
3.20540243e-05
2.471499474e-05
2.994770565e-05
2.933853989e-05
2.635572322e-05
2.971298307e-05
3.140791893e-05
3.071964458e-05
2.368923096e-05
2.354328879e-05
2.616676031e-05
2.967961637e-05
2.616386679e-05
3.26466817e-05
2.551850178e-05
3.002069829e-05
2.693001928e-05
3.039067059e-05
3.117453367e-05
2.506791986e-05
3.235410545e-05
3.062903876e-05
2.715367601e-05
2.888789337e-05
2.956865375e-05
2.508072865e-05
2.880832821e-05
3.103335064e-05
2.322551292e-05
2.754535998e-05
2.775219403e-05
3.339549388e-05
2.875704355e-05
2.345605427e-05
2.797844058e-05
2.750423726e-05
2.460607684e-05
2.490088246e-05
2.896225888e-05
2.746921214e-05
2.75005164e-05
2.594488585e-05
3.060931891e-05
2.801612951e-05
3.056474963e-05
3.239465803e-05
2.788508332e-05
3.038490135e-05
2.986534745e-05
2.795740434e-05
2.843287018e-05
2.829421321e-05
2.895894853e-05
3.070006026e-05
3.058229625e-05
2.699281126e-05
2.62204784e-05
2.896579596e-05
2.667260882e-05
3.123376219e-05
2.88288819e-05
2.789751123e-05
3.222150576e-05
2.728143085e-05
2.80587771e-05
2.552483743e-05
2.584943833e-05
2.672333394e-05
2.90537852e-05
2.928131528e-05
2.759406367e-05
3.071407853e-05
3.144105411e-05
2.700739405e-05
3.082301677e-05
2.802820999e-05
2.760340088e-05
3.026121773e-05
3.193753872e-05
2.759476656e-05
2.64725419e-05
2.850605601e-05
2.874173426e-05
2.437924182e-05
3.018482192e-05
3.197243206e-05
3.013287427e-05
2.916396307e-05
2.999776216e-05
2.886766507e-05
3.248930242e-05
3.2445905e-05
3.531224053e-05
2.85959136e-05
3.008765202e-05
2.74876885e-05
3.175075607e-05
3.045216135e-05
3.505834691e-05
3.851049282e-05
3.170491104e-05
3.082511979e-05
2.985176215e-05
2.92956433e-05
2.778400218e-05
2.85469775e-05
2.941364384e-05
3.182764715e-05
2.754181444e-05
3.04233e-05
2.802174807e-05
2.727848444e-05
2.450061821e-05
3.17812852e-05
3.337377632e-05
2.512664554e-05
3.113550928e-05
2.865903882e-05
2.430069949e-05
2.76630596e-05
3.056177813e-05
3.167001854e-05
3.177598977e-05
3.087834934e-05
3.294184964e-05
3.215277785e-05
2.666080871e-05
2.384750662e-05
2.999036724e-05
3.119075799e-05
2.921380878e-05
3.168805234e-05
2.917792298e-05
3.229348124e-05
2.904270058e-05
2.899976027e-05
2.809139004e-05
2.908144053e-05
3.365465418e-05
2.801719627e-05
3.082521908e-05
3.025536958e-05
2.825848357e-05
2.979881852e-05
2.58628273e-05
2.715385618e-05
3.253937383e-05
3.346507984e-05
3.01649222e-05
3.292830119e-05
2.480404421e-05
2.699523368e-05
2.571435339e-05
3.223753304e-05
3.122090701e-05
2.588840859e-05
3.142592396e-05
3.277708769e-05
3.187598408e-05
2.950863216e-05
3.23716677e-05
2.916163231e-05
3.011932806e-05
3.232638524e-05
3.011100924e-05
2.930917771e-05
3.323768815e-05
3.001509841e-05
3.231003512e-05
2.658722231e-05
3.101558501e-05
2.61189599e-05
3.281329592e-05
2.860402778e-05
2.913823761e-05
2.727699346e-05
3.038189097e-05
3.123109641e-05
2.82468426e-05
2.995782576e-05
3.167675774e-05
3.278930985e-05
2.545716315e-05
2.79279422e-05
3.23632329e-05
2.735012452e-05
3.096731156e-05
3.205768232e-05
2.56775238e-05
2.734278816e-05
2.716447864e-05
2.875649534e-05
3.046618812e-05
2.936632298e-05
2.766330868e-05
3.012677136e-05
2.826421044e-05
3.28471719e-05
3.024551968e-05
2.945715357e-05
2.705082121e-05
2.946925192e-05
2.641468073e-05
3.139107016e-05
3.192612687e-05
3.278132744e-05
2.96851559e-05
2.963794011e-05
3.124652744e-05
2.935880741e-05
2.887861404e-05
2.676107648e-05
2.981950837e-05
2.871286667e-05
2.730462122e-05
2.935848406e-05
3.319370733e-05
2.844500211e-05
2.796362977e-05
3.358721844e-05
2.934599761e-05
3.587663427e-05
3.003367852e-05
2.506382082e-05
2.964890052e-05
3.121394381e-05
2.967046692e-05
2.921657935e-05
3.053308401e-05
2.922048466e-05
3.041002372e-05
3.065273748e-05
2.765188461e-05
3.318387787e-05
2.158650831e-05
2.493974028e-05
2.736203539e-05
2.962693979e-05
2.716912936e-05
2.711286839e-05
3.084304864e-05
2.919092388e-05
3.229027655e-05
2.981792264e-05
3.311312236e-05
2.770459141e-05
2.890292356e-05
3.343750027e-05
3.265746644e-05
3.101582744e-05
2.849138765e-05
2.963762538e-05
2.888775051e-05
3.034540098e-05
3.225831928e-05
3.01185696e-05
2.940351951e-05
3.248143551e-05
3.201739551e-05
3.076856244e-05
3.427176677e-05
3.578750198e-05
2.675886881e-05
3.329394006e-05
3.00888279e-05
2.828381268e-05
3.101971249e-05
3.13900434e-05
2.900911896e-05
2.996668609e-05
3.012147618e-05
2.716764218e-05
2.571054242e-05
2.785312376e-05
2.799086861e-05
3.074198485e-05
3.009882062e-05
3.010004122e-05
3.260287868e-05
2.759541271e-05
3.184973506e-05
2.502418968e-05
3.089831215e-05
2.935578237e-05
3.203701402e-05
3.129716621e-05
3.08616024e-05
2.700979754e-05
3.101826632e-05
3.227258469e-05
3.058500463e-05
3.082019772e-05
3.007622541e-05
2.638182061e-05
2.988349991e-05
2.78789856e-05
2.555938107e-05
3.284747008e-05
3.008080668e-05
3.316361319e-05
2.460913356e-05
2.949822997e-05
2.9184123e-05
3.253194427e-05
3.271741918e-05
2.998016987e-05
2.910795535e-05
2.702384114e-05
3.101383314e-05
3.204349165e-05
3.081889882e-05
3.024169105e-05
2.900211627e-05
3.328767723e-05
3.37720494e-05
2.893226072e-05
3.099875005e-05
2.858030316e-05
3.298413003e-05
2.754478736e-05
2.982073473e-05
3.074989783e-05
2.928745577e-05
2.979852211e-05
3.023127773e-05
3.107353377e-05
2.808565499e-05
2.749561737e-05
2.799257414e-05
3.064376922e-05
2.97514755e-05
2.894647392e-05
2.817342839e-05
2.836311437e-05
3.176497019e-05
2.987566847e-05
2.885170256e-05
2.9353645e-05
3.135477838e-05
3.219711788e-05
2.964562242e-05
2.721903457e-05
3.148588567e-05
2.680618127e-05
3.126312898e-05
2.881069897e-05
3.171907748e-05
3.170141048e-05
2.644921336e-05
3.510631257e-05
3.076426568e-05
2.922194021e-05
3.112011228e-05
3.274133915e-05
3.07211461e-05
2.335266509e-05
3.262827825e-05
2.833216134e-05
2.554236505e-05
3.226441246e-05
2.570777948e-05
2.661951143e-05
3.25265355e-05
3.171304441e-05
3.429150968e-05
2.973643376e-05
3.29967183e-05
3.334952344e-05
2.966118008e-05
2.71002133e-05
2.750194972e-05
3.106239326e-05
3.248608968e-05
2.990342056e-05
3.310539183e-05
2.942293713e-05
2.508215365e-05
3.188309086e-05
3.145166887e-05
2.952969678e-05
3.165304573e-05
3.213259349e-05
3.107714895e-05
2.75940742e-05
2.98510539e-05
3.023955658e-05
2.814917745e-05
3.059481289e-05
3.146428369e-05
2.761646367e-05
2.43406653e-05
2.714031506e-05
2.795570209e-05
2.923098124e-05
3.296781654e-05
3.273296598e-05
3.040815825e-05
3.318763685e-05
3.379257138e-05
3.053878178e-05
2.980769329e-05
3.078656604e-05
2.646371931e-05
3.367094263e-05
3.170199537e-05
3.207841073e-05
3.290769459e-05
2.667730035e-05
3.239432619e-05
2.956422568e-05
3.156872111e-05
3.013964553e-05
2.7765647e-05
3.116529585e-05
3.186765945e-05
2.726683943e-05
2.956075244e-05
2.880399186e-05
2.555880224e-05
2.568719071e-05
2.996349406e-05
3.189397249e-05
3.174844666e-05
2.913370752e-05
3.120511784e-05
3.191735557e-05
2.902230901e-05
2.967288715e-05
2.814638135e-05
3.130499434e-05
2.709477267e-05
3.218134982e-05
3.176587692e-05
3.255693406e-05
3.023065832e-05
2.748764535e-05
3.21731699e-05
3.250340848e-05
2.637838609e-05
3.035653573e-05
2.889900208e-05
3.068883787e-05
2.875552994e-05
2.902613243e-05
3.017565752e-05
2.860345201e-05
2.829533985e-05
2.772085739e-05
2.889726511e-05
3.045975013e-05
2.917554245e-05
2.663489378e-05
2.659771025e-05
2.802882104e-05
3.081541013e-05
3.061356984e-05
2.903415737e-05
3.046940818e-05
2.691751502e-05
3.057345938e-05
3.101856206e-05
3.323312023e-05
3.42407569e-05
2.646429994e-05
3.005920719e-05
3.524237866e-05
2.89619408e-05
2.944766901e-05
2.978736942e-05
3.320065523e-05
2.875941272e-05
2.970158342e-05
2.886139466e-05
2.787093013e-05
3.405703067e-05
2.915977321e-05
2.969364436e-05
3.377897867e-05
2.901180363e-05
3.019401066e-05
3.066544016e-05
2.578151728e-05
3.135367918e-05
3.522102872e-05
2.938019179e-05
2.731339765e-05
2.954241716e-05
2.765984237e-05
2.896329424e-05
3.752258908e-05
2.776214084e-05
3.272956408e-05
3.172345921e-05
3.47571709e-05
2.96303486e-05
3.087555235e-05
3.012468457e-05
3.63384999e-05
2.845507623e-05
2.475888542e-05
2.798780007e-05
3.005122274e-05
3.013751897e-05
3.119432931e-05
3.249872162e-05
2.926744009e-05
3.0127281e-05
2.904746921e-05
3.191002203e-05
3.278894459e-05
3.43275748e-05
2.594811153e-05
2.99891165e-05
3.161200975e-05
2.850610753e-05
2.694191405e-05
3.442451717e-05
2.886358157e-05
3.129972051e-05
2.917989146e-05
2.707294323e-05
2.94544743e-05
3.156401308e-05
2.885045626e-05
2.90168259e-05
3.064484786e-05
3.081102631e-05
2.954020806e-05
2.998959672e-05
3.594060501e-05
3.150995743e-05
2.705407952e-05
2.967785966e-05
3.368761023e-05
2.714617723e-05
2.877239144e-05
2.763921966e-05
3.036114397e-05
2.98395975e-05
3.01763491e-05
2.928855945e-05
2.857419102e-05
2.719106799e-05
2.995093088e-05
2.859906758e-05
2.634078162e-05
3.058515714e-05
3.438913908e-05
2.651165582e-05
2.741396978e-05
2.910247726e-05
3.171703254e-05
2.738746918e-05
2.867622237e-05
2.94028487e-05
3.300539617e-05
2.645051739e-05
2.739466229e-05
2.581843437e-05
2.852166937e-05
3.565877076e-05
3.136461203e-05
2.95808185e-05
3.318040856e-05
2.848707286e-05
2.526534136e-05
2.880711269e-05
3.158688051e-05
2.865498429e-05
3.158625659e-05
2.99267536e-05
3.057528047e-05
2.994749651e-05
2.953953999e-05
3.391330434e-05
3.04190004e-05
3.184603215e-05
3.008622165e-05
2.732633865e-05
2.87038461e-05
3.051706844e-05
3.35542278e-05
3.21251592e-05
2.929045412e-05
3.228104103e-05
3.064181459e-05
3.277974792e-05
2.82879388e-05
3.332827526e-05
3.022910731e-05
2.744930924e-05
3.07256176e-05
3.102267753e-05
3.034361317e-05
2.98170703e-05
3.028868237e-05
3.165549498e-05
2.901924221e-05
3.019424043e-05
2.835044065e-05
2.811295545e-05
2.908601909e-05
2.891280469e-05
3.134150608e-05
3.433279583e-05
2.990791734e-05
2.715232746e-05
2.747072744e-05
3.003928947e-05
3.025921697e-05
3.174572765e-05
2.960818774e-05
3.1829848e-05
2.879429624e-05
2.935014551e-05
2.659918925e-05
3.505514522e-05
2.981926517e-05
2.396178069e-05
2.5774039e-05
3.402814305e-05
2.943748562e-05
2.524988241e-05
2.864214123e-05
2.685399945e-05
2.985360868e-05
2.979296835e-05
3.206243504e-05
3.048416365e-05
3.213964778e-05
3.137474772e-05
2.863324693e-05
3.150946435e-05
3.021645721e-05
3.106408229e-05
3.344090084e-05
2.963209618e-05
3.289450266e-05
2.823784386e-05
3.30182894e-05
2.823291553e-05
3.122424626e-05
3.073008134e-05
2.991838786e-05
2.721624498e-05
2.955066286e-05
2.415984826e-05
3.425598253e-05
2.740443239e-05
3.172155722e-05
2.701766281e-05
2.796730289e-05
3.351175379e-05
3.071225576e-05
2.736132468e-05
3.113310686e-05
2.854566552e-05
3.084972965e-05
2.968560009e-05
3.284631455e-05
2.826899601e-05
2.846653069e-05
2.884988429e-05
3.532829794e-05
2.659537782e-05
3.056725774e-05
3.440983734e-05
3.320584417e-05
3.05502649e-05
3.104004618e-05
2.74511285e-05
2.949570987e-05
2.829762701e-05
3.091263559e-05
3.084477704e-05
3.109881943e-05
2.504402184e-05
3.11787178e-05
2.627871028e-05
2.912911255e-05
3.045094734e-05
2.646309599e-05
3.291872028e-05
3.054956403e-05
2.873387604e-05
2.991964149e-05
2.949721523e-05
2.762743349e-05
3.153587936e-05
2.806544637e-05
2.623595345e-05
2.5824598e-05
2.566952572e-05
3.336391265e-05
3.034796206e-05
2.911456564e-05
3.150684931e-05
3.307966613e-05
3.250061988e-05
2.638291325e-05
3.05514094e-05
3.367820908e-05
2.976474471e-05
2.721931306e-05
2.85617274e-05
3.3805796e-05
2.976999737e-05
2.992368083e-05
3.456015175e-05
2.986692624e-05
3.13022878e-05
2.929044321e-05
3.02256316e-05
3.102156412e-05
2.903882512e-05
3.03781599e-05
3.052689438e-05
3.262469697e-05
2.659431786e-05
3.291672852e-05
3.133600241e-05
2.950146528e-05
2.825844715e-05
2.983347358e-05
3.271062445e-05
2.689999816e-05
3.036481879e-05
2.84142487e-05
2.885506632e-05
2.737098593e-05
2.675399178e-05
3.071471181e-05
3.036560549e-05
2.602067105e-05
2.345803183e-05
3.156512763e-05
2.620714892e-05
3.047482271e-05
2.641276877e-05
2.870313734e-05
3.64772342e-05
2.952738122e-05
3.033386167e-05
3.234018118e-05
2.725616726e-05
2.633267638e-05
2.727062825e-05
2.922868697e-05
2.754450242e-05
3.099744687e-05
2.690009467e-05
2.775917337e-05
3.502981873e-05
2.892697748e-05
2.953352098e-05
2.629082447e-05
2.636302232e-05
3.03632946e-05
2.699681991e-05
2.736994289e-05
2.943980078e-05
3.067492147e-05
3.335731492e-05
3.351199338e-05
2.814365485e-05
3.082009086e-05
3.135543531e-05
2.585871543e-05
3.378846387e-05
2.969529186e-05
2.893795629e-05
2.993545626e-05
3.083883516e-05
3.126296274e-05
3.0958237e-05
3.031414467e-05
3.042214601e-05
2.889458492e-05
2.824999912e-05
2.974251343e-05
2.831370234e-05
3.335002025e-05
3.089466029e-05
2.819627897e-05
2.733316019e-05
3.283680966e-05
3.238795527e-05
3.238876819e-05
3.192185349e-05
3.073603781e-05
3.402607661e-05
3.078462556e-05
3.152451035e-05
3.398995315e-05
3.220194925e-05
3.269627687e-05
3.085421795e-05
3.296105822e-05
2.897036595e-05
3.278369856e-05
3.276901666e-05
2.942438252e-05
2.750516737e-05
3.02519924e-05
3.088818215e-05
3.191079963e-05
2.905792648e-05
2.650730373e-05
2.785144923e-05
3.038175217e-05
2.730434695e-05
3.244598846e-05
2.72592817e-05
3.222879433e-05
2.707193746e-05
3.164518894e-05
3.058906212e-05
2.614132925e-05
3.055734553e-05
3.128298704e-05
3.182012885e-05
2.900611117e-05
3.125466961e-05
3.222797275e-05
3.03899678e-05
2.988946388e-05
3.120694421e-05
2.70756089e-05
3.292485144e-05
3.184850105e-05
2.910874938e-05
2.833506322e-05
2.577414274e-05
2.625839113e-05
2.660488176e-05
3.055886427e-05
2.559964746e-05
2.958935035e-05
2.617140091e-05
2.752744367e-05
3.011789229e-05
3.198617682e-05
3.207943083e-05
2.915546325e-05
2.9314867e-05
2.883615462e-05
2.863735168e-05
3.465041201e-05
2.711569289e-05
3.185889145e-05
2.84755303e-05
3.117238972e-05
2.987000237e-05
2.507523097e-05
2.817863609e-05
3.029235733e-05
3.002469169e-05
2.705484424e-05
3.099084752e-05
3.194970895e-05
2.860174161e-05
3.190986375e-05
2.980942203e-05
3.353993006e-05
2.866449226e-05
3.341778807e-05
3.169239295e-05
2.91864888e-05
2.890535439e-05
3.185886328e-05
3.297069642e-05
2.815364314e-05
2.942424085e-05
2.878669815e-05
2.867348336e-05
3.034159479e-05
2.550955649e-05
3.137564433e-05
2.83273014e-05
2.638604711e-05
3.013313115e-05
3.011754803e-05
2.971639249e-05
2.961421434e-05
3.136449489e-05
2.998103379e-05
2.871926889e-05
2.817392854e-05
2.883494406e-05
2.863619943e-05
2.876187513e-05
2.53633624e-05
2.928204464e-05
3.169422458e-05
3.41834772e-05
3.089461993e-05
2.53361789e-05
3.305633556e-05
3.375008948e-05
3.069038514e-05
3.02126772e-05
3.483072434e-05
2.974455518e-05
3.246091498e-05
2.761749985e-05
2.586848904e-05
3.091855724e-05
3.015454062e-05
3.070820848e-05
3.129399598e-05
3.090882693e-05
2.764862545e-05
3.219942501e-05
2.776142724e-05
2.915806682e-05
2.929989154e-05
3.111738894e-05
2.982561119e-05
3.14438383e-05
3.081350272e-05
2.949532228e-05
2.632012885e-05
3.20521251e-05
3.261777871e-05
3.118106842e-05
3.06428506e-05
2.737065063e-05
2.847942639e-05
3.046451495e-05
3.089222059e-05
3.326214938e-05
2.923395601e-05
2.623497672e-05
3.592962459e-05
3.167978358e-05
2.937587375e-05
3.198621412e-05
2.462564809e-05
2.468205725e-05
2.988967284e-05
2.93788675e-05
3.094761162e-05
2.866518582e-05
3.063127394e-05
2.73800441e-05
2.959402413e-05
2.67735625e-05
3.351512031e-05
3.02774849e-05
2.851436871e-05
2.720723022e-05
2.704652521e-05
3.063899116e-05
3.138600345e-05
2.605961152e-05
2.905151632e-05
3.030634672e-05
2.941541098e-05
3.32346995e-05
2.693932617e-05
2.861350859e-05
2.532459052e-05
2.72027455e-05
2.897763055e-05
2.745254676e-05
3.500016632e-05
2.886814712e-05
2.934076918e-05
2.936607975e-05
3.176202909e-05
2.983699073e-05
3.332332857e-05
2.692661887e-05
2.844148672e-05
2.775727197e-05
3.099002611e-05
2.876567834e-05
2.786785303e-05
2.91015876e-05
2.770744164e-05
3.409446838e-05
3.079283412e-05
2.736021573e-05
2.908837405e-05
2.582741787e-05
2.94488327e-05
2.631123229e-05
2.730580612e-05
2.981319051e-05
2.736848048e-05
3.025566476e-05
2.777277101e-05
2.7986959e-05
3.242440848e-05
2.785116609e-05
3.154687231e-05
2.885681153e-05
2.936105076e-05
2.843067472e-05
2.796048234e-05
2.865259482e-05
3.206245522e-05
2.680375921e-05
2.652496851e-05
3.122354963e-05
2.649574984e-05
3.319567203e-05
2.994889158e-05
2.78914624e-05
2.865168856e-05
2.636365567e-05
2.943772852e-05
3.280006123e-05
3.11015915e-05
2.795897889e-05
2.622274626e-05
2.623170447e-05
2.173938644e-05
2.777774538e-05
2.62071005e-05
2.699399421e-05
3.11193932e-05
2.941580479e-05
2.716471349e-05
2.877941649e-05
2.288610812e-05
2.609867994e-05
2.74783721e-05
2.491547002e-05
2.654253386e-05
2.50675909e-05
2.853091312e-05
2.758500437e-05
2.781787234e-05
2.654560161e-05
2.861172337e-05
2.536895962e-05
3.249176073e-05
2.801049848e-05
3.387913293e-05
2.8337269e-05
2.882866e-05
2.277287836e-05
2.973373469e-05
3.000234465e-05
2.692062689e-05
2.563636611e-05
2.712362778e-05
2.690758175e-05
3.098743911e-05
3.056770874e-05
3.08969361e-05
2.310084488e-05
2.788453495e-05
3.247818725e-05
2.86160107e-05
2.878071656e-05
2.816693773e-05
2.994866075e-05
3.356612858e-05
3.38748452e-05
2.921284404e-05
3.20053432e-05
2.658193217e-05
2.361990409e-05
3.142015501e-05
2.814722136e-05
3.300337078e-05
3.186936351e-05
3.050248019e-05
3.113224948e-05
2.685305972e-05
3.025715383e-05
2.65020655e-05
2.692240833e-05
2.658460425e-05
3.083165246e-05
2.455530188e-05
3.028407901e-05
2.516196945e-05
2.68605547e-05
3.018436547e-05
3.162633531e-05
2.795040998e-05
2.688055861e-05
3.150772156e-05
2.853554591e-05
2.927504919e-05
2.71113517e-05
2.578421814e-05
2.678492164e-05
3.05609099e-05
2.897198976e-05
3.057456199e-05
2.839323219e-05
2.734139036e-05
2.861537319e-05
2.898926027e-05
2.438218022e-05
3.214971e-05
2.949003778e-05
3.326590251e-05
2.817475034e-05
2.666771455e-05
2.922062913e-05
2.801448772e-05
3.083243385e-05
2.653309919e-05
2.775005198e-05
2.76072953e-05
2.67032055e-05
2.557384509e-05
2.255052046e-05
2.758900043e-05
2.773605698e-05
2.707863741e-05
3.243926404e-05
2.954156794e-05
2.742549245e-05
2.836026806e-05
2.703827771e-05
3.078646634e-05
2.783481363e-05
2.92153993e-05
2.885032631e-05
3.125373e-05
2.899062754e-05
2.950223143e-05
3.005882165e-05
3.105677304e-05
3.00307389e-05
3.257359815e-05
2.474347362e-05
2.852063409e-05
2.63549484e-05
2.862531488e-05
2.908647575e-05
2.741906925e-05
2.536345889e-05
2.470543286e-05
2.640132292e-05
3.017063555e-05
2.378307795e-05
2.753279156e-05
2.89927401e-05
2.847729119e-05
2.936372515e-05
2.66855503e-05
3.066795605e-05
2.751119162e-05
2.937947669e-05
2.546379591e-05
2.960076494e-05
2.687672083e-05
3.006659374e-05
3.214506283e-05
3.025584804e-05
2.88818208e-05
2.796040039e-05
3.094503902e-05
2.831571059e-05
2.977468501e-05
2.916184427e-05
3.086237373e-05
2.771500788e-05
2.620511213e-05
2.904568845e-05
2.74254701e-05
2.876325399e-05
2.936410829e-05
2.646719909e-05
2.761012517e-05
2.414744776e-05
2.471792216e-05
2.975070459e-05
3.173934526e-05
2.91860319e-05
2.915880876e-05
3.187476699e-05
2.537877973e-05
2.517655511e-05
2.716964299e-05
3.206985924e-05
2.767115404e-05
2.392944064e-05
2.985413039e-05
2.797540388e-05
2.826537833e-05
3.198515825e-05
2.850463682e-05
2.871535635e-05
3.089714341e-05
2.995724535e-05
2.919733779e-05
2.757766481e-05
3.328898585e-05
2.897249284e-05
2.936316242e-05
3.256493973e-05
2.3182385e-05
2.825102662e-05
2.837151365e-05
2.654452758e-05
2.856444495e-05
2.999220171e-05
3.298940612e-05
3.039934918e-05
2.678109806e-05
2.696269458e-05
2.867030983e-05
3.030884393e-05
2.770757032e-05
3.092698963e-05
2.965492651e-05
2.7318743e-05
2.812275821e-05
3.092025324e-05
2.841552288e-05
3.392744106e-05
2.814882473e-05
2.793453826e-05
2.588455245e-05
2.7935296e-05
2.851940137e-05
2.656941341e-05
2.907944292e-05
2.746470199e-05
2.365758548e-05
3.033047544e-05
2.425963227e-05
2.536441577e-05
2.959125901e-05
2.572805301e-05
3.052365917e-05
2.356560329e-05
3.277728373e-05
2.962972469e-05
2.616705762e-05
2.815095485e-05
3.316147055e-05
3.171768378e-05
3.12054905e-05
3.148967214e-05
3.017874523e-05
2.970154845e-05
2.931495158e-05
2.871048182e-05
2.850275567e-05
2.661791086e-05
2.799933276e-05
3.031507026e-05
2.991843802e-05
2.580311819e-05
2.964722725e-05
2.802737854e-05
2.613510475e-05
2.71825309e-05
2.638541199e-05
2.642734523e-05
2.667263166e-05
2.408869821e-05
3.211961719e-05
2.762949701e-05
2.707743593e-05
2.717642767e-05
3.166195564e-05
2.236815153e-05
2.925530493e-05
3.392715033e-05
2.32972035e-05
2.537109606e-05
2.674986872e-05
2.79283513e-05
2.799925232e-05
3.075037204e-05
2.661134871e-05
2.981719757e-05
3.061281276e-05
2.434280875e-05
3.444494529e-05
2.734335037e-05
2.93275771e-05
3.273184047e-05
3.102776183e-05
2.791869424e-05
2.686350674e-05
2.875200949e-05
3.007458439e-05
2.700217045e-05
2.431609871e-05
2.77287707e-05
2.772882974e-05
2.762078297e-05
2.857533801e-05
2.907560274e-05
2.699171895e-05
2.674335153e-05
2.561448255e-05
3.093377922e-05
2.602442672e-05
2.695158365e-05
3.064198558e-05
2.457877531e-05
2.681071547e-05
2.854616267e-05
3.373556602e-05
2.986016137e-05
2.375690136e-05
2.821862048e-05
3.046236987e-05
2.976115787e-05
3.020785441e-05
2.644341268e-05
2.810584077e-05
2.907342018e-05
2.739109698e-05
2.563483115e-05
2.84079712e-05
2.501263171e-05
2.358605417e-05
2.654338958e-05
2.884750703e-05
2.755147383e-05
3.000034404e-05
3.478585304e-05
2.926035402e-05
2.910402894e-05
2.813722816e-05
2.994318709e-05
2.578303021e-05
3.054755374e-05
2.775076354e-05
3.177808194e-05
2.388674082e-05
2.404232856e-05
3.186657219e-05
2.815229759e-05
3.099351078e-05
2.477792342e-05
2.648942164e-05
2.9317313e-05
3.211530698e-05
2.964346425e-05
2.404236302e-05
3.059849428e-05
3.021446067e-05
2.672674788e-05
2.562804392e-05
2.464607079e-05
3.028199596e-05
2.748034168e-05
3.018423201e-05
2.805702089e-05
2.611759846e-05
2.888561437e-05
2.398144564e-05
2.793466112e-05
3.329717592e-05
2.586809087e-05
3.047912352e-05
3.101367859e-05
3.111246525e-05
2.808319764e-05
3.16371578e-05
2.265419185e-05
3.023857352e-05
3.120087175e-05
2.953578321e-05
3.032222733e-05
2.999897287e-05
2.832647928e-05
2.692073739e-05
2.796984864e-05
2.909368025e-05
2.689176175e-05
2.948917371e-05
2.648623297e-05
2.709401946e-05
2.591555443e-05
2.748333263e-05
3.124157212e-05
2.694365779e-05
3.39923366e-05
2.872535153e-05
2.757974013e-05
2.399373166e-05
2.819690448e-05
2.816850342e-05
3.152542516e-05
2.741726981e-05
2.951797662e-05
2.788600217e-05
2.503689722e-05
3.034188431e-05
3.293712551e-05
3.012673212e-05
3.10062038e-05
2.856104499e-05
2.989627362e-05
2.800671713e-05
2.87543683e-05
2.88908051e-05
2.924149162e-05
2.995734926e-05
2.798781536e-05
2.735059269e-05
2.346786901e-05
3.029024879e-05
2.737925264e-05
2.490109736e-05
2.976246314e-05
2.873912943e-05
2.632561669e-05
2.704169136e-05
2.682134553e-05
3.330031889e-05
2.8107946e-05
2.891081583e-05
2.614184256e-05
3.052521244e-05
2.922341791e-05
2.946300169e-05
3.069493875e-05
2.543784042e-05
3.232279574e-05
2.710308733e-05
2.796730968e-05
2.645657041e-05
3.10105226e-05
3.402489714e-05
2.721220891e-05
3.063181542e-05
2.921795009e-05
3.281608257e-05
2.818317949e-05
2.802398198e-05
2.683665214e-05
2.764785046e-05
2.540535264e-05
2.519967252e-05
2.707936309e-05
2.662163535e-05
2.450748781e-05
2.533482307e-05
2.718978093e-05
2.884779986e-05
2.638257884e-05
2.77178089e-05
3.235353451e-05
2.866376085e-05
2.801220681e-05
2.901621674e-05
2.627599238e-05
2.816076376e-05
3.055379384e-05
2.561498608e-05
3.445751458e-05
2.955221848e-05
2.972636131e-05
2.734262742e-05
2.78805488e-05
2.862991133e-05
2.864644088e-05
2.853939345e-05
2.565980096e-05
2.369855889e-05
2.810072791e-05
2.708845641e-05
2.596617418e-05
3.200904593e-05
2.817391535e-05
2.685908161e-05
2.646168663e-05
2.217386923e-05
2.732267728e-05
2.93179999e-05
2.976037603e-05
3.216809134e-05
3.083559404e-05
2.39968246e-05
2.795941692e-05
2.560070543e-05
2.868141807e-05
2.875724032e-05
2.80210838e-05
3.042627277e-05
2.553156254e-05
3.034866326e-05
2.583571851e-05
2.960390608e-05
2.511877689e-05
2.525158042e-05
2.89078198e-05
2.767992313e-05
2.830050348e-05
2.716781222e-05
2.833693369e-05
2.60317652e-05
2.303923067e-05
3.111121544e-05
2.743230822e-05
2.567755665e-05
3.19475084e-05
2.712993161e-05
2.626917158e-05
2.898953905e-05
2.398953071e-05
3.062313653e-05
2.829925222e-05
2.958193479e-05
2.610187962e-05
3.150962491e-05
2.569296538e-05
2.443567663e-05
3.257317063e-05
2.7845631e-05
3.121701447e-05
2.840774546e-05
3.116338225e-05
3.056978488e-05
2.888824138e-05
2.540249575e-05
2.726627214e-05
3.305991174e-05
3.205160469e-05
2.846939315e-05
2.527217767e-05
2.641505866e-05
2.83810791e-05
2.33685276e-05
2.635744633e-05
2.76694493e-05
2.209938646e-05
2.926689537e-05
2.821125592e-05
2.367208714e-05
2.542049328e-05
2.641587015e-05
2.63840228e-05
2.688189288e-05
2.711324434e-05
2.853470769e-05
2.911055052e-05
2.827559551e-05
3.190096601e-05
2.815081772e-05
2.659132798e-05
2.880156172e-05
2.711971321e-05
2.987098035e-05
3.069174206e-05
3.141877823e-05
3.374288319e-05
2.857042526e-05
2.652294335e-05
2.680638391e-05
2.630041366e-05
2.625225711e-05
2.841907572e-05
2.687879174e-05
3.028106711e-05
2.844379426e-05
2.643068803e-05
2.806640785e-05
2.908385753e-05
2.721719212e-05
2.74941766e-05
2.581740727e-05
2.972496098e-05
2.896105432e-05
2.972436815e-05
3.305229875e-05
2.501912049e-05
2.904116738e-05
2.92135837e-05
3.052301987e-05
2.749695477e-05
2.522540971e-05
3.088678269e-05
2.361771926e-05
2.79437892e-05
2.686922552e-05
3.041833331e-05
3.136658077e-05
2.979580735e-05
2.587698738e-05
2.521289419e-05
2.953398589e-05
2.736146072e-05
3.117585744e-05
2.812413082e-05
2.635156039e-05
2.401644449e-05
2.896044342e-05
2.824962126e-05
3.171364843e-05
2.752335147e-05
2.616001293e-05
2.928407302e-05
2.681577815e-05
2.81637606e-05
3.269761612e-05
2.810960008e-05
3.047211029e-05
2.577049243e-05
2.917830971e-05
2.833920406e-05
2.77086634e-05
3.247300286e-05
2.504164572e-05
2.911317741e-05
2.969349005e-05
3.052702902e-05
2.998371086e-05
2.766477731e-05
2.645356207e-05
3.056373606e-05
2.731764438e-05
2.738282519e-05
2.67413809e-05
2.417785179e-05
3.046049018e-05
2.800966362e-05
2.999777621e-05
3.094329363e-05
2.914406618e-05
2.642567556e-05
2.736745937e-05
3.119377623e-05
2.822514187e-05
3.171568437e-05
2.834821368e-05
2.649656032e-05
2.887316943e-05
2.856262553e-05
3.079578523e-05
3.36161175e-05
2.664951991e-05
2.727228406e-05
2.732310018e-05
2.346593685e-05
2.833263858e-05
2.923413139e-05
2.846577421e-05
2.467791858e-05
2.956478207e-05
2.447358516e-05
2.524621689e-05
3.007219715e-05
2.848719147e-05
2.652246422e-05
2.679953369e-05
2.864513968e-05
2.512384372e-05
3.070756179e-05
2.805493345e-05
2.840616512e-05
2.712881175e-05
3.326241264e-05
2.818606979e-05
2.934368869e-05
2.946212488e-05
2.346181756e-05
3.170023725e-05
2.54166414e-05
2.49125257e-05
3.028595463e-05
2.711407217e-05
2.805710177e-05
3.163064335e-05
3.182044273e-05
2.463192771e-05
3.179174763e-05
2.893965593e-05
2.56869888e-05
2.419193066e-05
2.694351955e-05
2.649290695e-05
2.675141631e-05
2.80853e-05
2.54898269e-05
2.728000904e-05
3.053477908e-05
2.84973747e-05
2.960789633e-05
2.749985165e-05
2.940262622e-05
2.793396703e-05
2.514697821e-05
2.712703933e-05
2.696658449e-05
3.063655392e-05
2.910103549e-05
3.690478644e-05
2.68411833e-05
3.194373887e-05
3.074054582e-05
2.680468411e-05
2.95906359e-05
2.431519722e-05
2.988407605e-05
2.794472315e-05
2.50004701e-05
3.140117078e-05
2.646635831e-05
2.414812393e-05
2.805246438e-05
2.712548605e-05
2.765176082e-05
2.581845324e-05
2.837583213e-05
2.747237758e-05
3.02793342e-05
2.892544345e-05
2.920049427e-05
2.840334324e-05
3.074160731e-05
2.609700253e-05
2.578552371e-05
2.677018224e-05
3.114179835e-05
2.952504975e-05
2.655423843e-05
3.181532224e-05
2.662099697e-05
2.709198358e-05
2.994174306e-05
2.844835209e-05
2.676581437e-05
3.346604867e-05
3.085712184e-05
2.799356669e-05
2.96568032e-05
3.021229483e-05
2.947287585e-05
2.804333343e-05
2.773081168e-05
2.995167005e-05
2.788601508e-05
2.58147872e-05
2.536327877e-05
2.550928351e-05
2.51292579e-05
3.120221596e-05
3.025718248e-05
2.668522065e-05
2.850990755e-05
3.00660652e-05
3.070962777e-05
2.62739074e-05
3.081551266e-05
2.705140965e-05
2.701305279e-05
2.52355013e-05
2.8632395e-05
2.921282757e-05
2.965785506e-05
2.840460737e-05
2.773761479e-05
3.248646003e-05
2.913061911e-05
2.866351759e-05
3.529263334e-05
2.884351173e-05
2.834401699e-05
2.608090959e-05
2.793302458e-05
2.81715049e-05
2.490498061e-05
2.583121798e-05
2.768407737e-05
2.687116659e-05
3.246864819e-05
2.388503786e-05
2.798139873e-05
2.944557242e-05
2.71369141e-05
3.355930474e-05
3.148841411e-05
3.20277068e-05
2.904686672e-05
2.702290944e-05
2.471316029e-05
2.769600512e-05
3.466568575e-05
3.107655256e-05
2.668850652e-05
2.914565236e-05
2.859194034e-05
2.830506898e-05
2.493027488e-05
2.833615066e-05
2.948166433e-05
3.053935526e-05
2.686346468e-05
2.580341888e-05
2.552899849e-05
2.696227542e-05
2.996868543e-05
2.927368394e-05
3.09870469e-05
2.725654608e-05
2.588173887e-05
2.928203238e-05
2.681713031e-05
2.886220004e-05
2.924599916e-05
2.701535044e-05
2.634774992e-05
2.53454236e-05
2.53947037e-05
3.248963278e-05
2.687231489e-05
3.07093809e-05
2.903187164e-05
2.883880536e-05
2.887502649e-05
3.264640844e-05
3.012619732e-05
2.638769518e-05
2.964174443e-05
2.748336827e-05
2.893439711e-05
3.245821112e-05
2.778967276e-05
2.612956489e-05
2.88345435e-05
2.480942076e-05
2.681357984e-05
2.888860482e-05
2.857578782e-05
2.705217102e-05
3.019557123e-05
2.795151399e-05
3.013923413e-05
2.649691543e-05
2.778280624e-05
2.694419887e-05
2.784251648e-05
3.077155227e-05
3.061473928e-05
2.767627899e-05
2.984331628e-05
3.065696764e-05
2.928895889e-05
3.123244006e-05
2.958329277e-05
2.794478324e-05
2.76072129e-05
2.573449794e-05
2.996644868e-05
2.811874519e-05
3.187033105e-05
2.497505181e-05
2.692740923e-05
2.911471575e-05
2.490251695e-05
2.926395303e-05
2.690736709e-05
3.0479057e-05
2.355290676e-05
2.784907253e-05
2.752958566e-05
2.859171945e-05
3.000874424e-05
3.089991304e-05
2.865898736e-05
2.954470175e-05
2.931463375e-05
3.202867063e-05
2.846293926e-05
3.006698704e-05
3.242028667e-05
3.188869421e-05
3.123483303e-05
3.125631203e-05
3.136755593e-05
3.149815228e-05
3.402396053e-05
2.853958916e-05
3.122545805e-05
2.861404183e-05
2.982453338e-05
3.048895573e-05
3.095643348e-05
2.913970355e-05
3.06947994e-05
3.097405573e-05
3.201919823e-05
3.33467396e-05
2.734923626e-05
3.25699824e-05
2.818220685e-05
3.290789319e-05
2.856270754e-05
2.979990658e-05
3.321605832e-05
2.781622252e-05
3.023576584e-05
2.949634892e-05
2.835985738e-05
3.000844924e-05
2.861396616e-05
3.438630725e-05
2.916272636e-05
2.816505285e-05
2.893385093e-05
3.197532223e-05
3.249592803e-05
3.439175976e-05
2.812789071e-05
3.272882883e-05
2.724256592e-05
2.754021021e-05
2.961215299e-05
2.852444378e-05
3.026297843e-05
2.706752399e-05
3.363492328e-05
3.396080478e-05
3.322122159e-05
2.764647266e-05
3.092950188e-05
3.264685147e-05
3.412866057e-05
3.484579197e-05
3.195842983e-05
3.159722544e-05
3.240099453e-05
3.093624019e-05
3.326918694e-05
2.801756549e-05
3.295078874e-05
2.50573294e-05
3.224243327e-05
3.040261791e-05
3.033169011e-05
2.977463854e-05
3.308229456e-05
3.33205563e-05
2.986839308e-05
2.875087666e-05
2.483920168e-05
2.907878086e-05
3.171101945e-05
3.057112e-05
3.066201223e-05
2.820032989e-05
3.089886194e-05
2.900882254e-05
2.99369932e-05
2.730743538e-05
3.011414218e-05
3.138184072e-05
3.193847455e-05
2.791493686e-05
2.816381031e-05
3.196498599e-05
3.24434065e-05
2.722865654e-05
3.178379442e-05
3.216329805e-05
2.712903859e-05
2.799520937e-05
3.570910707e-05
2.59819502e-05
2.88195361e-05
3.379316215e-05
3.217584762e-05
3.070292088e-05
3.088415029e-05
3.281038582e-05
3.318058401e-05
2.669749415e-05
2.824492747e-05
2.941567179e-05
3.00541008e-05
3.113187348e-05
2.894100095e-05
3.12232683e-05
3.280880953e-05
2.924995738e-05
2.485821855e-05
3.113993005e-05
2.73634603e-05
2.77394486e-05
2.626573617e-05
2.967036747e-05
2.92934672e-05
3.243010764e-05
2.652769382e-05
2.945977589e-05
2.84585151e-05
2.814357809e-05
3.118340501e-05
3.195305327e-05
2.681848934e-05
3.357374075e-05
3.103720335e-05
2.678761876e-05
2.590011799e-05
2.67187344e-05
3.040654225e-05
3.333329453e-05
3.151223745e-05
3.002026349e-05
2.853310054e-05
2.887698043e-05
2.728560938e-05
2.824515227e-05
2.752189808e-05
3.193950224e-05
2.664545815e-05
2.898640138e-05
3.253233436e-05
2.886638279e-05
2.653918724e-05
3.040011214e-05
2.68816683e-05
3.084747636e-05
2.94147095e-05
2.951665144e-05
2.896790845e-05
2.957379901e-05
3.140592322e-05
2.814009824e-05
3.506740562e-05
2.957227204e-05
3.128080186e-05
2.834853385e-05
3.521589364e-05
3.259155051e-05
2.854246159e-05
3.268042388e-05
3.249974571e-05
2.966563243e-05
2.845699911e-05
3.135306551e-05
2.946372378e-05
3.144540996e-05
2.848381264e-05
3.002192299e-05
2.75864796e-05
3.065722245e-05
3.398117221e-05
3.104962412e-05
2.865407191e-05
2.697021878e-05
2.3666644e-05
3.588690816e-05
3.131720629e-05
3.121795533e-05
2.974978569e-05
3.211204674e-05
3.076135954e-05
3.098832131e-05
2.963055136e-05
2.905384769e-05
3.066109909e-05
2.509288796e-05
3.092685466e-05
3.043008842e-05
3.087291177e-05
2.950567932e-05
2.897144071e-05
2.75149106e-05
3.199561745e-05
2.809300756e-05
3.132642966e-05
2.777373764e-05
2.7654754e-05
3.044250716e-05
3.155373918e-05
3.146946981e-05
2.941292234e-05
2.780311556e-05
2.749053177e-05
2.96312384e-05
3.591343166e-05
3.122013828e-05
3.295859042e-05
3.01089331e-05
3.532949473e-05
3.360700622e-05
2.894001618e-05
3.145058823e-05
2.943920914e-05
2.672619507e-05
3.401811162e-05
2.494594724e-05
3.169009729e-05
3.186097329e-05
2.910838711e-05
2.908844073e-05
2.795219587e-05
2.559768199e-05
2.713479108e-05
2.746067021e-05
3.156959399e-05
3.397981385e-05
3.082861492e-05
2.465808929e-05
2.911816176e-05
2.849827986e-05
3.023119358e-05
2.886185985e-05
2.43780295e-05
3.002423283e-05
2.977988325e-05
3.133970041e-05
3.46132291e-05
2.935982407e-05
2.801224204e-05
3.609753389e-05
3.104495213e-05
3.081782974e-05
3.379454101e-05
3.113463671e-05
3.172072738e-05
3.447003794e-05
3.077624773e-05
3.123237441e-05
3.061100221e-05
3.243839786e-05
2.634170649e-05
2.819307523e-05
3.584064719e-05
2.777864077e-05
3.018995608e-05
3.012731951e-05
2.937847965e-05
3.204524132e-05
2.82663055e-05
3.211217151e-05
2.627341384e-05
3.090707034e-05
3.370533095e-05
3.252371181e-05
3.401608645e-05
2.97834402e-05
3.516318225e-05
2.937519689e-05
3.281481878e-05
3.320733154e-05
3.002099019e-05
3.136038877e-05
3.168605654e-05
3.308948858e-05
3.109677294e-05
3.168827794e-05
3.267178746e-05
3.381298437e-05
3.062643544e-05
2.92576215e-05
2.783871587e-05
2.859595023e-05
3.082130836e-05
2.790315776e-05
2.770149736e-05
2.609931995e-05
3.148174315e-05
3.262692348e-05
3.152655114e-05
2.808019814e-05
2.647002196e-05
2.899407247e-05
3.262879809e-05
3.011870739e-05
2.902301639e-05
3.113291763e-05
2.772935472e-05
3.028635357e-05
3.11437041e-05
2.814352723e-05
3.294114118e-05
2.943777003e-05
2.923635268e-05
2.876162466e-05
3.172751125e-05
2.674785322e-05
3.269603097e-05
3.08776678e-05
2.858486335e-05
3.063482133e-05
2.87577631e-05
2.56505751e-05
3.071696988e-05
2.720770444e-05
2.620349661e-05
2.8723726e-05
3.346878362e-05
2.679661335e-05
3.078065783e-05
2.59448192e-05
3.090433244e-05
2.969018752e-05
3.083381304e-05
3.065783661e-05
2.843302164e-05
2.84007069e-05
3.200669679e-05
3.214231775e-05
3.298882482e-05
2.972588914e-05
2.943797167e-05
2.65104232e-05
2.822837793e-05
2.996822885e-05
3.421914531e-05
2.715759985e-05
2.97981775e-05
3.053005246e-05
2.624527532e-05
2.990234458e-05
2.805466131e-05
2.918652883e-05
2.959109027e-05
2.672762992e-05
2.56422088e-05
2.957933403e-05
2.801790743e-05
2.859934596e-05
3.029590434e-05
3.779454901e-05
3.050970028e-05
2.865914891e-05
2.899120953e-05
2.570131423e-05
2.792265826e-05
3.239182049e-05
3.106397412e-05
3.184940539e-05
3.294476266e-05
3.172025074e-05
2.952311743e-05
3.363583803e-05
2.610970039e-05
3.33512439e-05
3.380866831e-05
3.187187969e-05
2.712198978e-05
2.790029694e-05
3.274813275e-05
3.325691544e-05
2.853132367e-05
2.942836369e-05
3.026198395e-05
2.961246235e-05
3.210601141e-05
2.754661071e-05
3.281483779e-05
2.855713429e-05
2.832347738e-05
2.602966535e-05
3.119208841e-05
2.924826206e-05
3.135531314e-05
2.862285911e-05
2.78306266e-05
3.178595213e-05
2.932823164e-05
3.351877072e-05
3.45225343e-05
2.831289476e-05
3.027614504e-05
3.173343453e-05
2.772858088e-05
2.938085663e-05
2.83859134e-05
3.038596125e-05
3.147779125e-05
2.985145399e-05
2.811749939e-05
3.308293965e-05
3.036665341e-05
2.977784972e-05
2.856839871e-05
3.205588688e-05
2.82203655e-05
2.7792393e-05
2.678968742e-05
3.401731771e-05
2.690087626e-05
3.620595296e-05
2.936584211e-05
3.146573128e-05
2.826627661e-05
2.988405219e-05
3.062279077e-05
3.05499259e-05
3.063741816e-05
2.888713448e-05
3.122410412e-05
3.25602734e-05
3.075494428e-05
3.558308805e-05
3.037220338e-05
3.380913527e-05
3.335894861e-05
2.619300627e-05
3.163205166e-05
3.312821361e-05
3.147041386e-05
3.056155403e-05
2.507917671e-05
3.027985437e-05
2.360432971e-05
3.006649222e-05
3.899874305e-05
2.981500544e-05
3.03639575e-05
3.300565238e-05
3.130133833e-05
3.408635055e-05
2.921835908e-05
3.091879755e-05
3.000581381e-05
2.979467105e-05
3.225325736e-05
3.257294746e-05
3.138745732e-05
2.709209004e-05
2.788733334e-05
3.491268177e-05
3.321312095e-05
2.950271989e-05
3.025489205e-05
3.472380991e-05
3.434247268e-05
2.924392254e-05
3.267619036e-05
3.320068849e-05
3.001590281e-05
3.234071384e-05
2.865599773e-05
2.683994651e-05
2.876161965e-05
2.929671867e-05
2.637254471e-05
2.639839451e-05
2.984287103e-05
3.568101981e-05
2.872688339e-05
2.727788013e-05
3.007199936e-05
3.021322569e-05
3.428641295e-05
3.286880136e-05
3.411827212e-05
3.213209701e-05
2.678020128e-05
2.681910737e-05
2.883024908e-05
3.323475401e-05
2.651277089e-05
3.111270305e-05
3.128905678e-05
3.049192723e-05
3.186706727e-05
3.590273316e-05
3.090135721e-05
3.356290283e-05
3.024461147e-05
3.178021778e-05
2.826634785e-05
2.654331009e-05
2.899277265e-05
3.359228311e-05
2.789667862e-05
2.851800439e-05
2.771627405e-05
2.628027496e-05
3.331204023e-05
3.018848706e-05
3.040073221e-05
2.811503122e-05
3.269532237e-05
2.671145138e-05
2.806030006e-05
3.14346685e-05
2.729902596e-05
2.754308231e-05
3.036650726e-05
3.327067509e-05
2.810382272e-05
3.256003015e-05
3.051898692e-05
2.749118119e-05
3.370293409e-05
3.404298185e-05
3.144372885e-05
3.333237171e-05
2.869758991e-05
3.461621454e-05
3.134144256e-05
2.967898123e-05
3.021918736e-05
2.302473467e-05
2.666199444e-05
3.464463615e-05
2.678516783e-05
2.990969273e-05
3.367509588e-05
2.921506377e-05
2.960414208e-05
2.63121478e-05
3.16115837e-05
2.927967543e-05
3.04655573e-05
3.179297955e-05
2.945655424e-05
3.05488323e-05
2.77932987e-05
2.980562151e-05
2.852236163e-05
3.175830662e-05
2.906422803e-05
2.949562818e-05
2.640736001e-05
2.934337324e-05
3.047905848e-05
2.941910734e-05
2.872823085e-05
3.056530411e-05
2.890531974e-05
3.031537103e-05
2.634690841e-05
3.065744752e-05
2.859917278e-05
2.714807209e-05
3.091652674e-05
2.679566529e-05
2.546920653e-05
2.8498535e-05
3.112030209e-05
2.809522193e-05
2.999266592e-05
2.874634735e-05
2.893325605e-05
3.292495119e-05
2.941956584e-05
3.065633132e-05
3.226631162e-05
3.346173835e-05
2.973988856e-05
3.367251575e-05
2.616875494e-05
3.123222078e-05
3.012120598e-05
3.536049716e-05
3.049367828e-05
3.176495731e-05
2.853862893e-05
2.882991396e-05
3.300317759e-05
2.462326473e-05
3.529607522e-05
2.736224351e-05
2.622451933e-05
3.039561147e-05
2.856554739e-05
3.002500111e-05
2.848528788e-05
2.671777452e-05
2.934276881e-05
2.646531913e-05
2.944665216e-05
3.288182794e-05
2.705866615e-05
2.891046684e-05
3.491364529e-05
2.930064398e-05
3.434404475e-05
2.804397703e-05
3.322857696e-05
3.172035185e-05
2.872248374e-05
3.114654994e-05
3.204723835e-05
2.77013485e-05
2.896348958e-05
3.514169117e-05
2.731066123e-05
3.384316264e-05
3.056010941e-05
3.179216356e-05
2.628115079e-05
2.802773399e-05
2.72780349e-05
3.02824852e-05
2.490843089e-05
3.549479897e-05
3.384337106e-05
2.708656264e-05
2.763189123e-05
2.820663936e-05
2.920886543e-05
3.06971058e-05
3.189754488e-05
3.339193545e-05
3.122087796e-05
3.381161649e-05
2.828654604e-05
3.308466831e-05
2.636788443e-05
3.564462619e-05
3.198655296e-05
3.583078826e-05
3.00000658e-05
3.298947239e-05
3.193724413e-05
3.035846555e-05
3.078088218e-05
3.408201687e-05
2.904732389e-05
2.987903661e-05
3.130521382e-05
2.85048139e-05
3.038248254e-05
2.690321956e-05
3.156710873e-05
3.25724941e-05
3.355761082e-05
3.371284449e-05
2.827896155e-05
2.639334784e-05
2.974962437e-05
2.435813619e-05
3.067410589e-05
3.24763598e-05
2.882082594e-05
3.373941036e-05
2.911606572e-05
3.515516932e-05
3.179150664e-05
3.0857578e-05
3.00717538e-05
3.011313344e-05
2.773953852e-05
3.380519152e-05
2.640620622e-05
3.28647029e-05
3.51294945e-05
3.320293656e-05
3.124330727e-05
3.074237916e-05
2.791018104e-05
2.710868768e-05
2.904264991e-05
2.657816647e-05
2.66376665e-05
3.084502968e-05
3.043270653e-05
3.065311824e-05
2.788603947e-05
2.842207091e-05
3.176983364e-05
2.736146159e-05
2.714273987e-05
2.709778938e-05
2.905884865e-05
2.888714248e-05
2.72058096e-05
3.055143324e-05
2.815823203e-05
3.191847792e-05
2.875062173e-05
3.181181789e-05
3.262414602e-05
3.230003972e-05
3.193038594e-05
2.75082348e-05
3.073237175e-05
3.145535761e-05
3.003985346e-05
3.386699904e-05
3.072122532e-05
2.517322939e-05
2.847285959e-05
2.895356471e-05
3.157078856e-05
2.97486544e-05
2.741835568e-05
2.966396562e-05
3.178979404e-05
3.121302431e-05
2.845007806e-05
2.820014351e-05
2.854644523e-05
2.827356916e-05
2.677169949e-05
2.90530169e-05
2.990131209e-05
2.944710139e-05
2.960578324e-05
3.333092309e-05
2.915460156e-05
2.91789249e-05
3.348578268e-05
3.394365931e-05
3.170427374e-05
2.880946094e-05
3.001730567e-05
3.188311769e-05
3.368788233e-05
2.937733767e-05
2.916624972e-05
3.102303331e-05
2.913403186e-05
3.226306419e-05
3.077531855e-05
2.851433579e-05
3.063066012e-05
3.036423072e-05
2.872455645e-05
3.324600635e-05
2.898432238e-05
2.958564057e-05
2.725068436e-05
3.253481958e-05
2.647368652e-05
2.863332362e-05
3.417865928e-05
3.387419574e-05
3.326089479e-05
3.237597589e-05
2.47198065e-05
3.157888139e-05
3.615614099e-05
3.031637581e-05
3.257746741e-05
3.476187197e-05
3.552208052e-05
3.461579667e-05
2.774348478e-05
3.289657382e-05
3.058144841e-05
3.352453859e-05
3.119319465e-05
3.060082253e-05
2.996025495e-05
2.995030124e-05
3.176719072e-05
2.625749799e-05
3.064726595e-05
2.641606406e-05
3.365477007e-05
3.035542886e-05
2.793355611e-05
2.903358981e-05
3.03086475e-05
2.829564867e-05
2.970745307e-05
2.753180759e-05
3.67052782e-05
3.130445392e-05
3.234348398e-05
3.238731823e-05
3.077027997e-05
3.322851041e-05
2.906737877e-05
3.083060413e-05
3.16050121e-05
3.397163049e-05
2.779305016e-05
2.970210986e-05
2.767602446e-05
3.001186053e-05
2.995686106e-05
3.576177075e-05
3.55579625e-05
2.903165713e-05
2.734103482e-05
3.157472638e-05
2.958867619e-05
3.393315862e-05
2.958234725e-05
2.92419892e-05
2.638616175e-05
2.938743066e-05
2.72338698e-05
3.335632688e-05
2.978896399e-05
2.687357112e-05
3.150647256e-05
2.990721984e-05
2.829385438e-05
3.363733892e-05
2.979108207e-05
3.174120966e-05
3.450760221e-05
3.012511133e-05
3.380276807e-05
2.637454083e-05
2.881673665e-05
2.947043011e-05
3.349246524e-05
2.878682378e-05
2.998076041e-05
2.630822586e-05
2.916852974e-05
2.648612984e-05
2.752636308e-05
2.958290147e-05
2.788793168e-05
2.913081688e-05
3.128486508e-05
2.888935702e-05
2.515981021e-05
2.935843585e-05
2.791119195e-05
2.57031207e-05
2.888498474e-05
2.521665424e-05
2.661760355e-05
2.915934661e-05
3.691421497e-05
3.410676118e-05
2.758490681e-05
3.291785483e-05
3.160528664e-05
2.938822129e-05
3.52835122e-05
3.12875676e-05
2.638849557e-05
2.928276804e-05
3.191116979e-05
2.949447524e-05
3.136256669e-05
3.147449037e-05
2.964837798e-05
2.979162499e-05
3.043824168e-05
2.975568021e-05
2.354760518e-05
2.66221123e-05
3.158159853e-05
2.826889481e-05
3.155130031e-05
3.072253962e-05
3.051032824e-05
2.876344673e-05
2.971529939e-05
2.573451231e-05
3.082716638e-05
2.892010925e-05
3.040296738e-05
3.124941508e-05
3.321424489e-05
3.016138201e-05
3.076425322e-05
2.841670254e-05
3.542793619e-05
3.182275193e-05
2.618368865e-05
3.009398514e-05
3.372474363e-05
3.163966227e-05
3.075735292e-05
2.79534563e-05
2.784383496e-05
2.885893459e-05
2.772318595e-05
3.016364721e-05
2.92070761e-05
3.201672884e-05
2.75730049e-05
2.99766554e-05
3.189813725e-05
2.955510894e-05
2.962645812e-05
2.743539594e-05
2.863449247e-05
2.720944169e-05
2.965084907e-05
2.913203034e-05
3.077613854e-05
3.086721402e-05
2.930751685e-05
3.249518323e-05
2.936876303e-05
3.127694375e-05
3.350192665e-05
3.210456747e-05
)
;

boundaryField
{
    FLOW
    {
        type            calculated;
        value           nonuniform List<scalar> 
60
(
8.016065479e-18
8.063594573e-18
8.117707692e-18
7.497715143e-18
7.329170594e-18
7.966284993e-18
8.231777398e-18
8.707762546e-18
7.348719625e-18
8.058285962e-18
9.881544087e-18
6.529569989e-18
8.057838189e-18
8.622701077e-18
1.006190656e-17
7.248662429e-18
8.036253144e-18
8.427242317e-18
7.430968966e-18
9.260589996e-18
9.089576336e-18
7.319190427e-18
8.74970271e-18
8.239306189e-18
8.30231693e-18
7.683624459e-18
8.47908164e-18
7.853304248e-18
8.662323389e-18
8.038929719e-18
8.892801281e-18
8.035304603e-18
8.542698957e-18
7.767146965e-18
8.775676084e-18
7.414499661e-18
7.15590101e-18
8.796944817e-18
8.981816739e-18
9.069445701e-18
8.453888456e-18
9.280630286e-18
7.291675699e-18
7.720305438e-18
8.522136342e-18
7.782511972e-18
7.197902509e-18
7.530870962e-18
7.994984302e-18
9.957211053e-18
9.060988772e-18
8.836767461e-18
7.530039371e-18
7.556349281e-18
9.018876697e-18
9.724693647e-18
8.905226591e-18
1.030521938e-17
8.676444637e-18
1.034603378e-17
)
;
    }
    WALL
    {
        type            calculated;
        value           nonuniform List<scalar> 
180
(
7.13279507e-18
8.212792113e-18
8.600337026e-18
6.591819006e-18
9.920782053e-18
7.977965063e-18
8.326000487e-18
7.606936199e-18
8.000561585e-18
9.446434961e-18
8.5485328e-18
9.090546782e-18
7.884053825e-18
7.519151523e-18
7.832561225e-18
6.775825227e-18
7.004934193e-18
7.699164834e-18
7.36341249e-18
7.447882155e-18
7.784123196e-18
7.578417301e-18
7.733916354e-18
6.77897917e-18
6.778976411e-18
8.733688401e-18
8.673564496e-18
8.121743879e-18
7.453094983e-18
6.497796081e-18
8.203031768e-18
7.595809691e-18
7.0224977e-18
8.041379964e-18
9.243090365e-18
7.63255961e-18
7.911313891e-18
8.499744072e-18
7.552997666e-18
8.184389341e-18
7.684359096e-18
9.148568516e-18
7.840612016e-18
8.369407356e-18
6.865013203e-18
8.054905918e-18
8.37060293e-18
7.917681273e-18
7.428391809e-18
8.017004418e-18
8.428995753e-18
7.212432077e-18
7.359269848e-18
1.026345894e-17
7.741761502e-18
1.118645305e-17
8.057983435e-18
7.907584976e-18
8.712699042e-18
7.491005306e-18
7.42896796e-18
7.776030706e-18
7.420200124e-18
7.997057021e-18
8.537145363e-18
9.978535505e-18
7.134385239e-18
8.379323275e-18
7.387253892e-18
9.034197978e-18
7.076538196e-18
8.462612245e-18
6.857163247e-18
8.06032481e-18
6.880604699e-18
8.846380351e-18
8.031443782e-18
8.390629777e-18
7.989201017e-18
8.817114826e-18
8.573148834e-18
7.694237756e-18
8.436420798e-18
7.248794609e-18
7.116865272e-18
8.635793226e-18
8.931188936e-18
8.674016478e-18
1.002949651e-17
8.970646095e-18
7.398100912e-18
7.809145691e-18
7.866259262e-18
7.675347954e-18
7.113097963e-18
7.77385061e-18
7.926115168e-18
8.127028357e-18
7.997983101e-18
8.33982697e-18
8.346210016e-18
9.11737684e-18
9.991264707e-18
8.032588183e-18
8.610431522e-18
9.620397271e-18
1.033276331e-17
9.038564812e-18
7.848427091e-18
9.278161321e-18
8.173077657e-18
7.942159543e-18
9.796002051e-18
8.634207508e-18
8.002437211e-18
8.05362112e-18
7.997180728e-18
9.057664234e-18
7.733611617e-18
9.21297334e-18
8.590897189e-18
8.80502237e-18
7.774590322e-18
7.871462806e-18
8.762194597e-18
7.689822221e-18
7.516793264e-18
8.81087524e-18
8.601756644e-18
7.535552944e-18
8.674948533e-18
1.06376799e-17
9.969976039e-18
1.077315698e-17
1.018104885e-17
8.756470883e-18
7.371096234e-18
8.126918434e-18
9.168563055e-18
8.747368212e-18
1.034959196e-17
8.072583284e-18
9.133058419e-18
8.978374619e-18
8.574419435e-18
8.277304193e-18
9.225525691e-18
8.802953436e-18
8.016479139e-18
9.686932566e-18
8.093820881e-18
8.196944884e-18
8.259758474e-18
9.858982067e-18
9.448508171e-18
9.433781672e-18
7.892524906e-18
7.586472793e-18
8.606619648e-18
8.624192917e-18
8.745923353e-18
8.309456634e-18
8.079824422e-18
1.0570206e-17
1.020802733e-17
1.011214498e-17
8.33148107e-18
8.892553548e-18
8.821196162e-18
8.612827461e-18
8.510236551e-18
7.407482681e-18
9.851680956e-18
8.659415525e-18
8.358841824e-18
8.23655032e-18
8.173389967e-18
9.812653668e-18
1.04606954e-17
8.687296999e-18
)
;
    }
    frontAndBack
    {
        type            empty;
    }
}


// ************************************************************************* //
