/*--------------------------------*- C++ -*----------------------------------*\
  =========                 |
  \\      /  F ield         | OpenFOAM: The Open Source CFD Toolbox
   \\    /   O peration     | Website:  https://openfoam.org
    \\  /    A nd           | Version:  6
     \\/     M anipulation  |
\*---------------------------------------------------------------------------*/
FoamFile
{
    version     2.0;
    format      ascii;
    class       volScalarField;
    location    "20.5";
    object      internalEMean;
}
// * * * * * * * * * * * * * * * * * * * * * * * * * * * * * * * * * * * * * //

dimensions      [1 -1 -2 0 0 0 0];

internalField   nonuniform List<scalar> 
3600
(
2.816228745e-05
2.816088486e-05
2.819366219e-05
2.821514453e-05
2.824363852e-05
2.826799268e-05
2.829907572e-05
2.831856736e-05
2.832971688e-05
2.83632984e-05
2.838732221e-05
2.841635323e-05
2.846214579e-05
2.849491191e-05
2.852006002e-05
2.855723658e-05
2.859706038e-05
2.863943792e-05
2.868078637e-05
2.870585616e-05
2.87453346e-05
2.880137414e-05
2.882790494e-05
2.888659258e-05
2.894110063e-05
2.897631979e-05
2.9018006e-05
2.907210101e-05
2.911170287e-05
2.916034873e-05
2.82727208e-05
2.82271093e-05
2.824434115e-05
2.825118236e-05
2.827278026e-05
2.829618295e-05
2.831945107e-05
2.833455609e-05
2.836575731e-05
2.838560704e-05
2.842061579e-05
2.845160944e-05
2.848560751e-05
2.851090576e-05
2.85515687e-05
2.85661479e-05
2.86041593e-05
2.863768861e-05
2.868042298e-05
2.872648445e-05
2.876364685e-05
2.881167707e-05
2.885461256e-05
2.88950135e-05
2.894469836e-05
2.897758493e-05
2.902503663e-05
2.907777353e-05
2.911272778e-05
2.916382834e-05
2.829801654e-05
2.829803838e-05
2.829171278e-05
2.830761186e-05
2.83109683e-05
2.832930634e-05
2.833660126e-05
2.837030764e-05
2.839693409e-05
2.840624734e-05
2.84541906e-05
2.8468388e-05
2.848808664e-05
2.852557093e-05
2.856323953e-05
2.859829668e-05
2.863670722e-05
2.866820611e-05
2.869471418e-05
2.871830397e-05
2.877534734e-05
2.881494834e-05
2.885625453e-05
2.889807683e-05
2.893146654e-05
2.899927122e-05
2.903592679e-05
2.908954356e-05
2.91051935e-05
2.917601806e-05
2.833690662e-05
2.833068036e-05
2.831457117e-05
2.833221692e-05
2.833329753e-05
2.835894945e-05
2.836721372e-05
2.839256337e-05
2.840978679e-05
2.84325991e-05
2.845331567e-05
2.849277859e-05
2.851917555e-05
2.855187122e-05
2.858229033e-05
2.859899817e-05
2.864762869e-05
2.866691776e-05
2.871773481e-05
2.873260145e-05
2.878806229e-05
2.883995676e-05
2.886749113e-05
2.890468745e-05
2.893622527e-05
2.89857061e-05
2.902969418e-05
2.908654918e-05
2.91342742e-05
2.917265963e-05
2.836798523e-05
2.835689121e-05
2.835189251e-05
2.837034265e-05
2.837045314e-05
2.837690141e-05
2.840278057e-05
2.839966225e-05
2.842452112e-05
2.844930056e-05
2.846039235e-05
2.849924324e-05
2.852006135e-05
2.856310001e-05
2.857712206e-05
2.859255566e-05
2.864737775e-05
2.867852213e-05
2.871673636e-05
2.875087391e-05
2.87884747e-05
2.884384934e-05
2.886407965e-05
2.891295283e-05
2.895650676e-05
2.900835672e-05
2.904054391e-05
2.908746223e-05
2.91211586e-05
2.918126449e-05
2.839698463e-05
2.83841205e-05
2.838180241e-05
2.838521308e-05
2.839260949e-05
2.838745663e-05
2.842033469e-05
2.842804643e-05
2.844241402e-05
2.847193385e-05
2.850137393e-05
2.8513826e-05
2.853960035e-05
2.855956271e-05
2.858839271e-05
2.864212725e-05
2.865946297e-05
2.867912562e-05
2.872065048e-05
2.876983973e-05
2.880013711e-05
2.884389174e-05
2.887780405e-05
2.891073006e-05
2.897520628e-05
2.900817174e-05
2.904052472e-05
2.90862208e-05
2.913355312e-05
2.919228662e-05
2.841354194e-05
2.841139148e-05
2.840312088e-05
2.838479291e-05
2.839581986e-05
2.841727062e-05
2.843348897e-05
2.845040225e-05
2.846418448e-05
2.848117098e-05
2.849671871e-05
2.853094832e-05
2.855747808e-05
2.85885204e-05
2.861220168e-05
2.864380558e-05
2.86778281e-05
2.870051343e-05
2.87377608e-05
2.877847445e-05
2.881514652e-05
2.88411761e-05
2.887607708e-05
2.892455982e-05
2.897236613e-05
2.900991629e-05
2.905641263e-05
2.909049673e-05
2.913612282e-05
2.917437175e-05
2.841669785e-05
2.841959158e-05
2.842044921e-05
2.8419038e-05
2.84429985e-05
2.84300692e-05
2.844556153e-05
2.846472712e-05
2.847998616e-05
2.849531642e-05
2.851098143e-05
2.853136546e-05
2.856579641e-05
2.859373395e-05
2.862305145e-05
2.865158706e-05
2.868112009e-05
2.871464758e-05
2.873934984e-05
2.878204549e-05
2.881266364e-05
2.88583579e-05
2.888760442e-05
2.892938499e-05
2.898436329e-05
2.901250347e-05
2.905742729e-05
2.910685456e-05
2.913976787e-05
2.917523054e-05
2.844183062e-05
2.843318125e-05
2.844106968e-05
2.843612763e-05
2.844333675e-05
2.844354541e-05
2.84578766e-05
2.846910919e-05
2.849456555e-05
2.850221267e-05
2.852328004e-05
2.854836875e-05
2.858457225e-05
2.859471773e-05
2.863132282e-05
2.864734194e-05
2.8691543e-05
2.871983598e-05
2.874453181e-05
2.878716602e-05
2.882380943e-05
2.886272293e-05
2.890663747e-05
2.894109415e-05
2.898275748e-05
2.901850307e-05
2.905680643e-05
2.908716557e-05
2.913761049e-05
2.917590831e-05
2.844767976e-05
2.845264501e-05
2.843808975e-05
2.842550157e-05
2.844323422e-05
2.846830909e-05
2.845761053e-05
2.848350425e-05
2.849456566e-05
2.852097976e-05
2.853400974e-05
2.856943631e-05
2.858460304e-05
2.860825353e-05
2.864052198e-05
2.865665713e-05
2.869285397e-05
2.873083671e-05
2.876839584e-05
2.877854708e-05
2.88268921e-05
2.885818343e-05
2.889178748e-05
2.894311342e-05
2.897078852e-05
2.90104859e-05
2.906442935e-05
2.909171401e-05
2.913580086e-05
2.919785777e-05
2.845412141e-05
2.845555501e-05
2.844541431e-05
2.845124018e-05
2.846452661e-05
2.847256854e-05
2.846400205e-05
2.849741193e-05
2.849064559e-05
2.850288707e-05
2.853746066e-05
2.855668704e-05
2.85830398e-05
2.860764263e-05
2.86412801e-05
2.86790864e-05
2.869568683e-05
2.873197699e-05
2.876183385e-05
2.880956021e-05
2.882878506e-05
2.88723741e-05
2.891071722e-05
2.893864783e-05
2.898218144e-05
2.90240789e-05
2.905596011e-05
2.90982182e-05
2.912601819e-05
2.917826115e-05
2.846273047e-05
2.845683036e-05
2.845687191e-05
2.846475253e-05
2.846882153e-05
2.847925258e-05
2.848632805e-05
2.850985796e-05
2.852164432e-05
2.852213237e-05
2.855588271e-05
2.857866159e-05
2.859607567e-05
2.861928396e-05
2.864326765e-05
2.867102302e-05
2.870706807e-05
2.873414987e-05
2.876703084e-05
2.881115275e-05
2.882878866e-05
2.885051982e-05
2.890916458e-05
2.894763295e-05
2.898895584e-05
2.902032753e-05
2.906067259e-05
2.910395393e-05
2.914972541e-05
2.91906111e-05
2.847276358e-05
2.846189282e-05
2.846436761e-05
2.846443545e-05
2.846736271e-05
2.846001823e-05
2.849744732e-05
2.850027728e-05
2.851640393e-05
2.853185868e-05
2.854792398e-05
2.858512306e-05
2.859631094e-05
2.86246017e-05
2.862975295e-05
2.86812443e-05
2.870298365e-05
2.873439545e-05
2.877963375e-05
2.880130512e-05
2.883941234e-05
2.886826358e-05
2.891187346e-05
2.893456387e-05
2.898623126e-05
2.90324308e-05
2.907812444e-05
2.910746313e-05
2.915186866e-05
2.917888021e-05
2.846745296e-05
2.846679562e-05
2.845442765e-05
2.846915858e-05
2.848100947e-05
2.848026398e-05
2.848645557e-05
2.849332617e-05
2.850619504e-05
2.853610042e-05
2.854665786e-05
2.856608319e-05
2.860206968e-05
2.863028721e-05
2.864404383e-05
2.86728106e-05
2.871106372e-05
2.874323115e-05
2.877088582e-05
2.880398567e-05
2.883277131e-05
2.888514955e-05
2.8922162e-05
2.895379805e-05
2.899318654e-05
2.903945309e-05
2.907208517e-05
2.91102862e-05
2.915051296e-05
2.918249786e-05
2.846062296e-05
2.847187265e-05
2.845291422e-05
2.846552677e-05
2.846361845e-05
2.84810457e-05
2.848503021e-05
2.851540289e-05
2.852911134e-05
2.854125521e-05
2.855571167e-05
2.859767728e-05
2.860651058e-05
2.862903752e-05
2.865084811e-05
2.869008873e-05
2.870629867e-05
2.874845235e-05
2.878781133e-05
2.881408926e-05
2.885276267e-05
2.887629945e-05
2.8929224e-05
2.896046438e-05
2.899117539e-05
2.903668163e-05
2.907590355e-05
2.911927411e-05
2.913800678e-05
2.918114072e-05
2.846096088e-05
2.844885071e-05
2.843976036e-05
2.845704709e-05
2.84710773e-05
2.847592085e-05
2.84909488e-05
2.849338675e-05
2.85158194e-05
2.853296861e-05
2.855832677e-05
2.857614469e-05
2.859941304e-05
2.862432834e-05
2.865402305e-05
2.867839236e-05
2.871723795e-05
2.873999902e-05
2.877086521e-05
2.881231922e-05
2.884918528e-05
2.886166388e-05
2.889520452e-05
2.895821817e-05
2.899410428e-05
2.903537007e-05
2.906139667e-05
2.912241479e-05
2.915942367e-05
2.919995527e-05
2.845211681e-05
2.845052768e-05
2.844937509e-05
2.84480324e-05
2.845433118e-05
2.847554412e-05
2.847917371e-05
2.84975838e-05
2.851551652e-05
2.851749605e-05
2.856067872e-05
2.857759037e-05
2.860393961e-05
2.861640644e-05
2.864769645e-05
2.866933333e-05
2.871973762e-05
2.873359129e-05
2.877535515e-05
2.881145609e-05
2.885314524e-05
2.887714589e-05
2.892600993e-05
2.896010947e-05
2.900333828e-05
2.9029189e-05
2.907943268e-05
2.91213489e-05
2.915436169e-05
2.919952834e-05
2.844666352e-05
2.844969655e-05
2.845703046e-05
2.843911475e-05
2.845552718e-05
2.846779982e-05
2.846784295e-05
2.849458206e-05
2.850429037e-05
2.851938263e-05
2.854918414e-05
2.856139434e-05
2.860633366e-05
2.862887889e-05
2.864551527e-05
2.867079278e-05
2.871824368e-05
2.873221182e-05
2.875992246e-05
2.88154549e-05
2.88444818e-05
2.887437321e-05
2.89136119e-05
2.895663756e-05
2.900340872e-05
2.902403453e-05
2.908069247e-05
2.911143443e-05
2.915100395e-05
2.918788193e-05
2.844078344e-05
2.843906897e-05
2.842851743e-05
2.844013434e-05
2.844437105e-05
2.846431382e-05
2.846868335e-05
2.847479465e-05
2.850829012e-05
2.853036514e-05
2.855573267e-05
2.857246171e-05
2.858842222e-05
2.861544823e-05
2.864610926e-05
2.867405321e-05
2.869471258e-05
2.873296416e-05
2.877014362e-05
2.879464849e-05
2.883764112e-05
2.886921967e-05
2.89147862e-05
2.895665971e-05
2.899571731e-05
2.903869055e-05
2.907600909e-05
2.911402918e-05
2.9165824e-05
2.921473422e-05
2.841225734e-05
2.842203238e-05
2.842830393e-05
2.842788519e-05
2.843563412e-05
2.843761407e-05
2.846103182e-05
2.847827197e-05
2.849184331e-05
2.85177447e-05
2.853642579e-05
2.856545466e-05
2.857529308e-05
2.860228308e-05
2.864899126e-05
2.865682668e-05
2.868922916e-05
2.873065376e-05
2.877271799e-05
2.880351389e-05
2.884847344e-05
2.887715967e-05
2.89225892e-05
2.896374e-05
2.899940255e-05
2.902385057e-05
2.908317656e-05
2.912977293e-05
2.916027693e-05
2.920969723e-05
2.84047324e-05
2.842479335e-05
2.840744643e-05
2.842014655e-05
2.843708984e-05
2.843159305e-05
2.845236537e-05
2.84613178e-05
2.848566756e-05
2.849969981e-05
2.851807599e-05
2.854764593e-05
2.85753267e-05
2.859915079e-05
2.863490839e-05
2.865760993e-05
2.870315826e-05
2.873597881e-05
2.876041112e-05
2.878559528e-05
2.884048454e-05
2.887015551e-05
2.891118619e-05
2.894867356e-05
2.898900593e-05
2.903525372e-05
2.907642949e-05
2.91087026e-05
2.916621542e-05
2.921198116e-05
2.840249901e-05
2.839132908e-05
2.839970467e-05
2.8409873e-05
2.841146106e-05
2.843485339e-05
2.844961782e-05
2.846523557e-05
2.847255148e-05
2.84989123e-05
2.851084576e-05
2.853734236e-05
2.856197099e-05
2.859877566e-05
2.863200187e-05
2.865501486e-05
2.868754953e-05
2.872949607e-05
2.875023041e-05
2.879024159e-05
2.883937594e-05
2.886642292e-05
2.89065331e-05
2.895742041e-05
2.90020946e-05
2.903102884e-05
2.908078305e-05
2.911801865e-05
2.915110782e-05
2.9210724e-05
2.839435621e-05
2.837844869e-05
2.836876356e-05
2.839982029e-05
2.840819827e-05
2.842001701e-05
2.843362841e-05
2.843929183e-05
2.844927714e-05
2.847368374e-05
2.850412218e-05
2.853443827e-05
2.855998055e-05
2.85967383e-05
2.862108345e-05
2.865610719e-05
2.867664795e-05
2.870639225e-05
2.875947579e-05
2.878785469e-05
2.883154692e-05
2.888070412e-05
2.892151338e-05
2.894894382e-05
2.900001613e-05
2.904014458e-05
2.906463593e-05
2.911731631e-05
2.915847405e-05
2.919760694e-05
2.836450555e-05
2.8366972e-05
2.836307406e-05
2.837490724e-05
2.839111498e-05
2.840065484e-05
2.841037342e-05
2.842230596e-05
2.845052796e-05
2.846462079e-05
2.849952609e-05
2.852731145e-05
2.853619847e-05
2.858801367e-05
2.861661987e-05
2.865655647e-05
2.868350749e-05
2.87121241e-05
2.87454454e-05
2.879979626e-05
2.882666621e-05
2.886395685e-05
2.890464762e-05
2.895110554e-05
2.900263807e-05
2.90226819e-05
2.908069778e-05
2.912885349e-05
2.915725239e-05
2.92165175e-05
2.835078095e-05
2.834408595e-05
2.8361538e-05
2.836316131e-05
2.837057537e-05
2.83712379e-05
2.839008537e-05
2.840337256e-05
2.844030405e-05
2.847136022e-05
2.848988996e-05
2.851592981e-05
2.853510876e-05
2.857539542e-05
2.860394458e-05
2.862920616e-05
2.867182157e-05
2.86991482e-05
2.873615893e-05
2.877651869e-05
2.881961712e-05
2.886564554e-05
2.890252866e-05
2.893257488e-05
2.898747164e-05
2.90270635e-05
2.907778297e-05
2.912958394e-05
2.917321209e-05
2.919974098e-05
2.831602463e-05
2.832892665e-05
2.832497857e-05
2.834145438e-05
2.834196393e-05
2.836057463e-05
2.837820957e-05
2.841543916e-05
2.841587074e-05
2.844394734e-05
2.846811338e-05
2.849979468e-05
2.853053605e-05
2.856411836e-05
2.857321371e-05
2.861784208e-05
2.86684635e-05
2.868956319e-05
2.872979507e-05
2.87641679e-05
2.880366015e-05
2.885690995e-05
2.889259578e-05
2.893559436e-05
2.898944642e-05
2.902849981e-05
2.908764059e-05
2.912503025e-05
2.916315346e-05
2.919883033e-05
2.829092154e-05
2.830502044e-05
2.831529812e-05
2.830897678e-05
2.832384671e-05
2.834383371e-05
2.836040742e-05
2.837165598e-05
2.840633807e-05
2.842867156e-05
2.843935803e-05
2.847940275e-05
2.851683422e-05
2.853950242e-05
2.855676575e-05
2.860902262e-05
2.864872273e-05
2.870203236e-05
2.871895858e-05
2.877171719e-05
2.880526562e-05
2.883599214e-05
2.890314071e-05
2.893086401e-05
2.898563658e-05
2.903341957e-05
2.909322142e-05
2.912124052e-05
2.915619196e-05
2.922450944e-05
2.825547594e-05
2.828450724e-05
2.828950044e-05
2.829976803e-05
2.831138501e-05
2.832256815e-05
2.83403394e-05
2.835542663e-05
2.838924008e-05
2.841677986e-05
2.843659068e-05
2.846249637e-05
2.847933512e-05
2.85264917e-05
2.856842793e-05
2.862014853e-05
2.863740591e-05
2.86710766e-05
2.873224973e-05
2.876717876e-05
2.880181595e-05
2.884379962e-05
2.887493291e-05
2.893790011e-05
2.897898853e-05
2.904025246e-05
2.906542173e-05
2.911475152e-05
2.916643375e-05
2.922205668e-05
2.825823032e-05
2.824501849e-05
2.825976336e-05
2.827435083e-05
2.828074352e-05
2.830371731e-05
2.831560456e-05
2.83355673e-05
2.836731824e-05
2.840328177e-05
2.84294435e-05
2.845497164e-05
2.84802735e-05
2.851570714e-05
2.854947718e-05
2.858698712e-05
2.861255941e-05
2.867881821e-05
2.869757973e-05
2.874973757e-05
2.879029902e-05
2.883896933e-05
2.888238942e-05
2.893209629e-05
2.896556507e-05
2.902361464e-05
2.906499739e-05
2.912073301e-05
2.917611361e-05
2.920628332e-05
2.819962865e-05
2.822071256e-05
2.823397951e-05
2.823969619e-05
2.825538221e-05
2.827959687e-05
2.828504419e-05
2.83208541e-05
2.833921345e-05
2.836853955e-05
2.840539928e-05
2.843659657e-05
2.847662607e-05
2.851193318e-05
2.855066995e-05
2.858442992e-05
2.860809028e-05
2.865607625e-05
2.869947073e-05
2.874860485e-05
2.878057477e-05
2.88379515e-05
2.888309474e-05
2.893026746e-05
2.89809775e-05
2.901906387e-05
2.906948517e-05
2.911774867e-05
2.91667691e-05
2.922930278e-05
2.923049187e-05
2.927468006e-05
2.931205523e-05
2.934914901e-05
2.939083058e-05
2.942998194e-05
2.949162802e-05
2.954070531e-05
2.958293665e-05
2.962088248e-05
2.967062764e-05
2.972334377e-05
2.976714948e-05
2.981814279e-05
2.984572701e-05
2.988676748e-05
2.991504796e-05
2.995911492e-05
3.00044148e-05
3.002309032e-05
3.005783234e-05
3.010748528e-05
3.013883388e-05
3.016625774e-05
3.019533598e-05
3.021236894e-05
3.024772798e-05
3.029017592e-05
3.029576378e-05
3.03066933e-05
2.921671524e-05
2.925832122e-05
2.930341142e-05
2.935015745e-05
2.939830601e-05
2.943365175e-05
2.949079932e-05
2.953669725e-05
2.957361385e-05
2.962863947e-05
2.966605165e-05
2.968887477e-05
2.975150592e-05
2.979413075e-05
2.982399917e-05
2.987413921e-05
2.990904059e-05
2.995781208e-05
2.998230391e-05
3.000411389e-05
3.00486929e-05
3.007565551e-05
3.010137246e-05
3.013717467e-05
3.018127688e-05
3.017859687e-05
3.021073142e-05
3.023927178e-05
3.02484618e-05
3.023458494e-05
2.92124006e-05
2.926016134e-05
2.931369402e-05
2.936115868e-05
2.93951679e-05
2.945679856e-05
2.948943937e-05
2.952518441e-05
2.956782738e-05
2.962122542e-05
2.965684356e-05
2.970991946e-05
2.974473232e-05
2.97779539e-05
2.981878929e-05
2.986277212e-05
2.990776871e-05
2.993715988e-05
2.996587064e-05
2.99971211e-05
3.00210485e-05
3.005960081e-05
3.008955935e-05
3.010337749e-05
3.014408932e-05
3.016171683e-05
3.018549049e-05
3.019491537e-05
3.019715029e-05
3.01734233e-05
2.920596925e-05
2.92616919e-05
2.930080742e-05
2.934422333e-05
2.939485182e-05
2.944356803e-05
2.947290064e-05
2.952705374e-05
2.957496444e-05
2.959940515e-05
2.965932496e-05
2.970294903e-05
2.97408545e-05
2.976239058e-05
2.981067018e-05
2.985019415e-05
2.989116086e-05
2.991240614e-05
2.99517854e-05
2.999954271e-05
3.002724555e-05
3.004441205e-05
3.006360227e-05
3.009033638e-05
3.01255246e-05
3.01294809e-05
3.015228964e-05
3.015515381e-05
3.016095995e-05
3.014980012e-05
2.922386824e-05
2.924680266e-05
2.929944933e-05
2.933299181e-05
2.939634391e-05
2.944101069e-05
2.948749393e-05
2.951936166e-05
2.95685691e-05
2.958434968e-05
2.966244938e-05
2.968858631e-05
2.973114981e-05
2.976382138e-05
2.980641295e-05
2.984254374e-05
2.98733171e-05
2.989178016e-05
2.994703958e-05
2.996534399e-05
3.000877152e-05
3.002669125e-05
3.005888302e-05
3.006674262e-05
3.010030461e-05
3.010807004e-05
3.012261377e-05
3.012178581e-05
3.013288003e-05
3.012264196e-05
2.922173329e-05
2.925917713e-05
2.930607879e-05
2.935877851e-05
2.938958091e-05
2.94441976e-05
2.948424193e-05
2.952087464e-05
2.955925671e-05
2.961371125e-05
2.965629146e-05
2.967930369e-05
2.972047153e-05
2.975798493e-05
2.978891138e-05
2.98295714e-05
2.987098894e-05
2.991331285e-05
2.992256314e-05
2.995712423e-05
2.998885322e-05
3.001535391e-05
3.004120846e-05
3.006177139e-05
3.006674003e-05
3.009437265e-05
3.008315548e-05
3.010226861e-05
3.009625465e-05
3.011830126e-05
2.92080601e-05
2.925546971e-05
2.93191081e-05
2.935605915e-05
2.939588754e-05
2.943957935e-05
2.94916844e-05
2.952188085e-05
2.956167893e-05
2.961937693e-05
2.964321249e-05
2.966820618e-05
2.971391267e-05
2.975532872e-05
2.978409896e-05
2.983358038e-05
2.985948652e-05
2.988462421e-05
2.991966291e-05
2.994600179e-05
2.998541654e-05
2.998788243e-05
3.001906691e-05
3.00400071e-05
3.006030918e-05
3.007523816e-05
3.009613893e-05
3.008333872e-05
3.009266352e-05
3.008430237e-05
2.921845314e-05
2.926239127e-05
2.930493685e-05
2.934935632e-05
2.940200642e-05
2.945011429e-05
2.946926039e-05
2.951627713e-05
2.956221208e-05
2.960210485e-05
2.963758747e-05
2.967347085e-05
2.971461604e-05
2.974726424e-05
2.978058554e-05
2.983431947e-05
2.985623304e-05
2.988497631e-05
2.990882163e-05
2.99306519e-05
2.995528307e-05
2.998737916e-05
3.00209655e-05
3.003096621e-05
3.003313635e-05
3.005766475e-05
3.00836138e-05
3.007610686e-05
3.006587967e-05
3.007549917e-05
2.922316378e-05
2.926601127e-05
2.930078332e-05
2.935073837e-05
2.939557631e-05
2.942908684e-05
2.948354926e-05
2.95250605e-05
2.955898415e-05
2.95789334e-05
2.963812086e-05
2.967256785e-05
2.970414914e-05
2.97442153e-05
2.978993235e-05
2.982240681e-05
2.985439933e-05
2.988032332e-05
2.991048142e-05
2.992284022e-05
2.995064375e-05
2.997071711e-05
3.000181956e-05
3.001012923e-05
3.002954589e-05
3.00492204e-05
3.005277648e-05
3.00574357e-05
3.005656135e-05
3.005034999e-05
2.922392197e-05
2.927459621e-05
2.931406419e-05
2.934467974e-05
2.938703595e-05
2.94367004e-05
2.948486489e-05
2.951275256e-05
2.954401918e-05
2.959074473e-05
2.963505496e-05
2.968130509e-05
2.970788901e-05
2.974102114e-05
2.978040358e-05
2.981691368e-05
2.982328782e-05
2.986802552e-05
2.989467137e-05
2.992326546e-05
2.995230644e-05
2.996991352e-05
3.00058837e-05
3.001730441e-05
3.001913675e-05
3.002863475e-05
3.003696594e-05
3.004962181e-05
3.005008591e-05
3.006350446e-05
2.921978627e-05
2.926351801e-05
2.930738957e-05
2.934462999e-05
2.940440571e-05
2.943905711e-05
2.946315846e-05
2.951669865e-05
2.956316747e-05
2.959486155e-05
2.963680824e-05
2.966884781e-05
2.97104119e-05
2.975170354e-05
2.97738286e-05
2.981184339e-05
2.98516428e-05
2.986799275e-05
2.989162964e-05
2.992193701e-05
2.995563642e-05
2.996961848e-05
2.99791125e-05
3.00119069e-05
3.003118494e-05
3.003267973e-05
3.002690349e-05
3.005495956e-05
3.004707461e-05
3.005028055e-05
2.922392938e-05
2.926012934e-05
2.931281981e-05
2.933840379e-05
2.939380545e-05
2.945008132e-05
2.947621782e-05
2.951588475e-05
2.955285211e-05
2.960286698e-05
2.963018395e-05
2.966993983e-05
2.970501842e-05
2.972983905e-05
2.97566616e-05
2.981110616e-05
2.984692225e-05
2.984357264e-05
2.990844056e-05
2.992237348e-05
2.99484188e-05
2.996863665e-05
2.99969602e-05
3.000818833e-05
3.002901502e-05
3.004755e-05
3.00248772e-05
3.004885423e-05
3.004126595e-05
3.004720662e-05
2.923338744e-05
2.927439057e-05
2.932865995e-05
2.935575417e-05
2.937952051e-05
2.943730193e-05
2.948645264e-05
2.950679698e-05
2.955268769e-05
2.959878576e-05
2.963720779e-05
2.966793621e-05
2.970137298e-05
2.975457817e-05
2.977606289e-05
2.981540191e-05
2.983715333e-05
2.986802493e-05
2.989816109e-05
2.99125481e-05
2.99679231e-05
2.997163901e-05
3.000556289e-05
3.000030983e-05
3.002855906e-05
3.003293449e-05
3.003418834e-05
3.004860461e-05
3.005255409e-05
3.005030404e-05
2.923051863e-05
2.927127049e-05
2.931378066e-05
2.935368504e-05
2.93957913e-05
2.944380968e-05
2.947420405e-05
2.952306637e-05
2.955319355e-05
2.960204591e-05
2.963659132e-05
2.968316197e-05
2.969956028e-05
2.975103985e-05
2.978474551e-05
2.981380979e-05
2.983649131e-05
2.987138668e-05
2.990297818e-05
2.992661918e-05
2.994351305e-05
2.997355592e-05
2.999568809e-05
3.000634173e-05
3.002369318e-05
3.003393632e-05
3.004442683e-05
3.004320235e-05
3.006096101e-05
3.006261577e-05
2.92335325e-05
2.92825007e-05
2.933631775e-05
2.935626042e-05
2.939886096e-05
2.944461158e-05
2.949074408e-05
2.952102105e-05
2.955230509e-05
2.96009125e-05
2.964190661e-05
2.967223296e-05
2.971001845e-05
2.973003857e-05
2.977981154e-05
2.9810527e-05
2.985961878e-05
2.98701183e-05
2.990395e-05
2.993631588e-05
2.99497733e-05
2.997110145e-05
2.999472303e-05
3.001985252e-05
3.002917679e-05
3.00365136e-05
3.006526104e-05
3.006222869e-05
3.007925568e-05
3.006532474e-05
2.924361173e-05
2.92820939e-05
2.932481802e-05
2.9362012e-05
2.940492587e-05
2.942883572e-05
2.947904161e-05
2.951279402e-05
2.956578631e-05
2.960187292e-05
2.963870497e-05
2.96801199e-05
2.970994239e-05
2.97494149e-05
2.978755952e-05
2.982078247e-05
2.986504741e-05
2.987860318e-05
2.992175758e-05
2.993950061e-05
2.996136926e-05
2.999707415e-05
2.999587244e-05
3.003169266e-05
3.003240065e-05
3.005527346e-05
3.005618261e-05
3.007253717e-05
3.008103141e-05
3.006523336e-05
2.92407219e-05
2.927329157e-05
2.931575224e-05
2.937159799e-05
2.940793876e-05
2.944871101e-05
2.948909804e-05
2.953252946e-05
2.955709944e-05
2.959726224e-05
2.963420464e-05
2.968185086e-05
2.971747842e-05
2.974427445e-05
2.978313807e-05
2.981703513e-05
2.986624142e-05
2.988451029e-05
2.991774939e-05
2.994381844e-05
2.996735728e-05
2.999835904e-05
3.001681579e-05
3.002962186e-05
3.005172534e-05
3.006128563e-05
3.007516613e-05
3.008038736e-05
3.008933138e-05
3.008180275e-05
2.923481718e-05
2.927776258e-05
2.932356442e-05
2.935812557e-05
2.940181582e-05
2.945168399e-05
2.947558565e-05
2.951789452e-05
2.958078666e-05
2.961261507e-05
2.96447597e-05
2.968882093e-05
2.972251145e-05
2.978011543e-05
2.97863072e-05
2.983711316e-05
2.986244661e-05
2.988607598e-05
2.992059501e-05
2.994100325e-05
2.996804369e-05
2.999808233e-05
3.001169038e-05
3.004003388e-05
3.006863603e-05
3.007955541e-05
3.009093253e-05
3.011268867e-05
3.010562342e-05
3.011003282e-05
2.923885887e-05
2.925949885e-05
2.932828005e-05
2.936829173e-05
2.941236982e-05
2.944422504e-05
2.948694436e-05
2.953969567e-05
2.95715143e-05
2.960408493e-05
2.96563658e-05
2.970237781e-05
2.974364362e-05
2.975429867e-05
2.980515044e-05
2.984180423e-05
2.985529405e-05
2.990818929e-05
2.993691767e-05
2.996293191e-05
2.998795329e-05
3.000028923e-05
3.002843685e-05
3.006012019e-05
3.006094008e-05
3.00771689e-05
3.008931851e-05
3.010234912e-05
3.011758663e-05
3.011619654e-05
2.92347075e-05
2.929442698e-05
2.933036272e-05
2.938519323e-05
2.943070276e-05
2.945925229e-05
2.94858948e-05
2.954894967e-05
2.958921756e-05
2.961384854e-05
2.965968866e-05
2.970550629e-05
2.974592713e-05
2.978511425e-05
2.982257903e-05
2.984462582e-05
2.988498578e-05
2.991275258e-05
2.993691168e-05
2.997132898e-05
2.999398072e-05
3.002691838e-05
3.005291657e-05
3.006904146e-05
3.007794105e-05
3.010023839e-05
3.010711885e-05
3.012775554e-05
3.011992046e-05
3.014778786e-05
2.926024633e-05
2.929196144e-05
2.934312547e-05
2.938819934e-05
2.942382253e-05
2.946478319e-05
2.950372997e-05
2.955077945e-05
2.95855185e-05
2.963052572e-05
2.966306666e-05
2.970329e-05
2.974713997e-05
2.978907936e-05
2.982513991e-05
2.985987498e-05
2.989880555e-05
2.993783726e-05
2.995562479e-05
2.998993699e-05
3.002167739e-05
3.00443468e-05
3.006715283e-05
3.010706431e-05
3.009390147e-05
3.011913247e-05
3.014378279e-05
3.015189392e-05
3.01437083e-05
3.013905176e-05
2.924517368e-05
2.928683421e-05
2.934627403e-05
2.938063838e-05
2.940701373e-05
2.946296563e-05
2.95325622e-05
2.957032736e-05
2.959499579e-05
2.963715607e-05
2.967870832e-05
2.971982336e-05
2.97612431e-05
2.97820298e-05
2.983551865e-05
2.988575199e-05
2.991627029e-05
2.993002357e-05
2.997044129e-05
3.000477291e-05
3.002054933e-05
3.005375153e-05
3.008510049e-05
3.01098047e-05
3.012541455e-05
3.014756101e-05
3.015884315e-05
3.016336855e-05
3.017863489e-05
3.017919262e-05
2.926401436e-05
2.928702214e-05
2.93456098e-05
2.93917709e-05
2.941778076e-05
2.947275469e-05
2.951792266e-05
2.956554653e-05
2.959846086e-05
2.965630797e-05
2.968992586e-05
2.974026773e-05
2.976320367e-05
2.980914138e-05
2.983449408e-05
2.98815624e-05
2.992897243e-05
2.995919154e-05
2.99850662e-05
3.001179716e-05
3.004455216e-05
3.005976279e-05
3.010855146e-05
3.012168304e-05
3.015174956e-05
3.016802678e-05
3.016985722e-05
3.019066037e-05
3.019562921e-05
3.02028689e-05
2.924526945e-05
2.930636553e-05
2.935521641e-05
2.937565909e-05
2.943020498e-05
2.949097256e-05
2.952336365e-05
2.956607362e-05
2.962313574e-05
2.966669107e-05
2.970043788e-05
2.973029742e-05
2.979452706e-05
2.981118007e-05
2.985613639e-05
2.990041227e-05
2.993911214e-05
2.996589074e-05
3.000135423e-05
3.003759016e-05
3.007012975e-05
3.008513071e-05
3.011932867e-05
3.01414692e-05
3.016616244e-05
3.018672248e-05
3.020474021e-05
3.021197847e-05
3.021056829e-05
3.022596728e-05
2.924061679e-05
2.929694572e-05
2.934772173e-05
2.939839259e-05
2.944002948e-05
2.950140001e-05
2.952878012e-05
2.95644098e-05
2.962408771e-05
2.96518891e-05
2.970527232e-05
2.974735199e-05
2.978728232e-05
2.982448747e-05
2.98785305e-05
2.989724206e-05
2.993641638e-05
2.998081929e-05
3.001628294e-05
3.00589012e-05
3.009317047e-05
3.013041606e-05
3.014170695e-05
3.01695751e-05
3.019959335e-05
3.021180329e-05
3.021503697e-05
3.022866647e-05
3.024510771e-05
3.027121536e-05
2.925589198e-05
2.930751121e-05
2.935200026e-05
2.939092721e-05
2.943617007e-05
2.949805068e-05
2.953708432e-05
2.957950862e-05
2.96426893e-05
2.967110058e-05
2.971020985e-05
2.975855131e-05
2.981699076e-05
2.984533268e-05
2.988801142e-05
2.99280309e-05
2.9974381e-05
3.000297047e-05
3.004973601e-05
3.007946254e-05
3.011020919e-05
3.012917277e-05
3.016019462e-05
3.018668793e-05
3.021437215e-05
3.023999019e-05
3.026443706e-05
3.027821158e-05
3.027445351e-05
3.028795394e-05
2.927242267e-05
2.930055156e-05
2.934259352e-05
2.939955773e-05
2.945765886e-05
2.950212614e-05
2.953950573e-05
2.957984724e-05
2.964645692e-05
2.967924248e-05
2.971383819e-05
2.977224831e-05
2.981739996e-05
2.985417609e-05
2.990598635e-05
2.994408359e-05
2.997375469e-05
3.001300535e-05
3.005487732e-05
3.010543748e-05
3.012068991e-05
3.018005747e-05
3.018972244e-05
3.021941271e-05
3.026405125e-05
3.024668423e-05
3.028080014e-05
3.02829342e-05
3.030905085e-05
3.032079828e-05
2.927314937e-05
2.931841299e-05
2.937161475e-05
2.940001617e-05
2.946399125e-05
2.950481538e-05
2.955829328e-05
2.960053479e-05
2.965190873e-05
2.96992814e-05
2.975403615e-05
2.978410048e-05
2.982291804e-05
2.986144497e-05
2.992533226e-05
2.996378464e-05
2.999360897e-05
3.004201188e-05
3.007281252e-05
3.012141998e-05
3.016058723e-05
3.017948257e-05
3.021317135e-05
3.024054463e-05
3.026164605e-05
3.02957875e-05
3.031874214e-05
3.032607704e-05
3.035196678e-05
3.035269747e-05
2.926711293e-05
2.931024658e-05
2.93655341e-05
2.941098884e-05
2.945954516e-05
2.950663801e-05
2.956811212e-05
2.961202139e-05
2.966345575e-05
2.971998591e-05
2.975990362e-05
2.980995394e-05
2.985127203e-05
2.989576267e-05
2.992454358e-05
2.998631247e-05
3.001331808e-05
3.007137429e-05
3.011042608e-05
3.012536125e-05
3.017379395e-05
3.019792345e-05
3.024237572e-05
3.025543603e-05
3.0293533e-05
3.034441835e-05
3.033960847e-05
3.036189178e-05
3.038395111e-05
3.04073402e-05
2.927490807e-05
2.93007958e-05
2.935763474e-05
2.94144964e-05
2.946196473e-05
2.953013691e-05
2.957702158e-05
2.961305697e-05
2.967075567e-05
2.971827609e-05
2.976103516e-05
2.982311116e-05
2.983973518e-05
2.990995389e-05
2.996209524e-05
2.99967874e-05
3.004288438e-05
3.008006232e-05
3.012851876e-05
3.016888888e-05
3.020958228e-05
3.023851707e-05
3.026701342e-05
3.029855995e-05
3.034837376e-05
3.03550636e-05
3.0360751e-05
3.038515396e-05
3.043625089e-05
3.042649235e-05
2.818404216e-05
2.818946864e-05
2.820511522e-05
2.821319003e-05
2.824074414e-05
2.825777115e-05
2.826998129e-05
2.829477079e-05
2.832600598e-05
2.835631697e-05
2.839701376e-05
2.842184449e-05
2.844245272e-05
2.847286388e-05
2.85355003e-05
2.855562451e-05
2.86150197e-05
2.86500506e-05
2.868607196e-05
2.873618703e-05
2.878148969e-05
2.88338095e-05
2.887629286e-05
2.892452872e-05
2.897220281e-05
2.902004727e-05
2.905610649e-05
2.912296973e-05
2.917945547e-05
2.922183394e-05
2.816490545e-05
2.816568566e-05
2.818059544e-05
2.818789857e-05
2.820853184e-05
2.822111292e-05
2.824276182e-05
2.826590443e-05
2.829545087e-05
2.832947774e-05
2.836522085e-05
2.840314886e-05
2.844479794e-05
2.848484839e-05
2.851043814e-05
2.85554012e-05
2.859684032e-05
2.863970081e-05
2.869545801e-05
2.872798868e-05
2.877088242e-05
2.8810207e-05
2.887372985e-05
2.891069769e-05
2.896870002e-05
2.902046279e-05
2.907108209e-05
2.910466883e-05
2.916779975e-05
2.92152185e-05
2.810971572e-05
2.812457726e-05
2.814391609e-05
2.816922578e-05
2.818392206e-05
2.819728476e-05
2.822198465e-05
2.823943627e-05
2.827272548e-05
2.829990918e-05
2.83341828e-05
2.838027777e-05
2.8404827e-05
2.843852165e-05
2.848858254e-05
2.853859061e-05
2.858729244e-05
2.86367378e-05
2.86734679e-05
2.871559777e-05
2.876261703e-05
2.88170238e-05
2.886772702e-05
2.890683627e-05
2.895568326e-05
2.900924721e-05
2.907847785e-05
2.912668767e-05
2.918156527e-05
2.921640349e-05
2.808347756e-05
2.809185202e-05
2.810021442e-05
2.813151907e-05
2.814428883e-05
2.817458343e-05
2.819485879e-05
2.823526526e-05
2.826838216e-05
2.828447322e-05
2.831933838e-05
2.835145835e-05
2.840536908e-05
2.843470817e-05
2.848650067e-05
2.851963397e-05
2.856356923e-05
2.86203951e-05
2.866377722e-05
2.870101465e-05
2.875844648e-05
2.880087924e-05
2.885545374e-05
2.890948372e-05
2.895775421e-05
2.902391923e-05
2.906074138e-05
2.911746019e-05
2.916938008e-05
2.92213338e-05
2.80423547e-05
2.805017114e-05
2.807246786e-05
2.809432423e-05
2.809802371e-05
2.814083282e-05
2.816733758e-05
2.820339744e-05
2.82309457e-05
2.826666456e-05
2.83062784e-05
2.833997666e-05
2.838594747e-05
2.842362978e-05
2.847507369e-05
2.851337968e-05
2.854456979e-05
2.86102698e-05
2.864775272e-05
2.870587297e-05
2.876158965e-05
2.881246694e-05
2.885790829e-05
2.890416944e-05
2.895384548e-05
2.900637991e-05
2.906454725e-05
2.91315561e-05
2.917508248e-05
2.922725339e-05
2.800801116e-05
2.802399901e-05
2.804016714e-05
2.805031546e-05
2.807580437e-05
2.811411017e-05
2.812499014e-05
2.816503395e-05
2.82055584e-05
2.824425361e-05
2.825960921e-05
2.831581727e-05
2.83653288e-05
2.839670354e-05
2.844624861e-05
2.848913679e-05
2.854150998e-05
2.859861145e-05
2.864362332e-05
2.870351075e-05
2.875888015e-05
2.87886202e-05
2.884309475e-05
2.89054861e-05
2.895547914e-05
2.899491744e-05
2.905998575e-05
2.912136637e-05
2.916765749e-05
2.922669071e-05
2.796266914e-05
2.79786848e-05
2.80150683e-05
2.802458463e-05
2.803793812e-05
2.807354948e-05
2.809840224e-05
2.813102992e-05
2.817302208e-05
2.820642746e-05
2.825224939e-05
2.829859636e-05
2.834048701e-05
2.838272284e-05
2.843013721e-05
2.848502446e-05
2.853766224e-05
2.85871454e-05
2.862500893e-05
2.866763844e-05
2.873723718e-05
2.877670903e-05
2.883870112e-05
2.890042348e-05
2.895798768e-05
2.900684157e-05
2.906302793e-05
2.913051023e-05
2.91743919e-05
2.923387006e-05
2.793916854e-05
2.794440519e-05
2.795014098e-05
2.79811874e-05
2.80059167e-05
2.804218998e-05
2.807666741e-05
2.808732823e-05
2.814368909e-05
2.81910667e-05
2.822999029e-05
2.828644765e-05
2.831936287e-05
2.836634563e-05
2.841901797e-05
2.846410459e-05
2.851338232e-05
2.857371521e-05
2.86250227e-05
2.867352963e-05
2.871662524e-05
2.878595091e-05
2.883241161e-05
2.888976169e-05
2.894629606e-05
2.902682919e-05
2.905078248e-05
2.911051688e-05
2.917602066e-05
2.92237619e-05
2.788289306e-05
2.791088526e-05
2.790938722e-05
2.793748787e-05
2.79776763e-05
2.799767416e-05
2.804506358e-05
2.806817486e-05
2.810874984e-05
2.815524521e-05
2.820471241e-05
2.825784771e-05
2.829497611e-05
2.835042559e-05
2.840075356e-05
2.845550666e-05
2.849522757e-05
2.855794911e-05
2.860765299e-05
2.865680237e-05
2.873690403e-05
2.877580524e-05
2.883628567e-05
2.888158583e-05
2.894970125e-05
2.90053318e-05
2.907309776e-05
2.911762584e-05
2.917494373e-05
2.923505735e-05
2.783535656e-05
2.785135943e-05
2.788736927e-05
2.790797974e-05
2.794025166e-05
2.79688126e-05
2.800110962e-05
2.804163496e-05
2.810691379e-05
2.813181486e-05
2.818435954e-05
2.823070937e-05
2.828754324e-05
2.834499013e-05
2.839392356e-05
2.843519628e-05
2.850477433e-05
2.854737687e-05
2.859885572e-05
2.864960943e-05
2.870995452e-05
2.87917201e-05
2.883491731e-05
2.889732497e-05
2.894407648e-05
2.901043475e-05
2.907393982e-05
2.912169095e-05
2.919200705e-05
2.923088153e-05
2.778330612e-05
2.781689468e-05
2.78340374e-05
2.786886867e-05
2.789261511e-05
2.793669411e-05
2.798284443e-05
2.801703674e-05
2.80667858e-05
2.811130241e-05
2.815428227e-05
2.821487537e-05
2.825738703e-05
2.83274044e-05
2.836750008e-05
2.842537565e-05
2.848970296e-05
2.853942289e-05
2.861942894e-05
2.865027863e-05
2.871760455e-05
2.878016757e-05
2.882435764e-05
2.88871538e-05
2.895157042e-05
2.900348213e-05
2.906352202e-05
2.91273898e-05
2.918929033e-05
2.922584506e-05
2.774053404e-05
2.776245732e-05
2.778683063e-05
2.781807911e-05
2.78580922e-05
2.788674075e-05
2.793361737e-05
2.798207528e-05
2.805167947e-05
2.808058086e-05
2.813508075e-05
2.820823651e-05
2.825400468e-05
2.829773528e-05
2.835251843e-05
2.842366577e-05
2.847020492e-05
2.85344106e-05
2.859008071e-05
2.865805542e-05
2.871182974e-05
2.876887453e-05
2.883795787e-05
2.888237437e-05
2.895395178e-05
2.901523739e-05
2.907303834e-05
2.913322806e-05
2.918499199e-05
2.923698761e-05
2.769059948e-05
2.771067744e-05
2.773604093e-05
2.777026271e-05
2.780762664e-05
2.786273991e-05
2.790654496e-05
2.795679594e-05
2.801285723e-05
2.807582659e-05
2.812034024e-05
2.81811517e-05
2.823214517e-05
2.830061072e-05
2.834516889e-05
2.841797094e-05
2.847060421e-05
2.853257115e-05
2.8595454e-05
2.86473913e-05
2.871128057e-05
2.876839492e-05
2.884505154e-05
2.891233576e-05
2.895446654e-05
2.902900078e-05
2.90694995e-05
2.912573989e-05
2.919191484e-05
2.925072568e-05
2.763595244e-05
2.767234598e-05
2.769811967e-05
2.773695783e-05
2.777263463e-05
2.781679528e-05
2.786937278e-05
2.793836356e-05
2.798616454e-05
2.803748609e-05
2.809916859e-05
2.815813213e-05
2.822124948e-05
2.829080195e-05
2.83591253e-05
2.840851556e-05
2.845835028e-05
2.853037199e-05
2.859659825e-05
2.864122479e-05
2.872807375e-05
2.879163329e-05
2.883484972e-05
2.888485632e-05
2.895867185e-05
2.901234619e-05
2.90627935e-05
2.912704944e-05
2.919454377e-05
2.926025499e-05
2.758094825e-05
2.760447823e-05
2.763569545e-05
2.768660092e-05
2.773218431e-05
2.776926876e-05
2.783690377e-05
2.789667758e-05
2.796938295e-05
2.801847975e-05
2.80831308e-05
2.814062389e-05
2.822870082e-05
2.827070942e-05
2.833675253e-05
2.840450062e-05
2.846713166e-05
2.852739191e-05
2.859884236e-05
2.864693359e-05
2.870963463e-05
2.878499383e-05
2.884279785e-05
2.891741907e-05
2.896291108e-05
2.903587352e-05
2.907400823e-05
2.914132818e-05
2.920359033e-05
2.926039165e-05
2.752666061e-05
2.754443129e-05
2.758513903e-05
2.764100544e-05
2.769991869e-05
2.774150445e-05
2.779472653e-05
2.787282471e-05
2.79317821e-05
2.799780104e-05
2.80660185e-05
2.813889445e-05
2.820924338e-05
2.827429177e-05
2.832348525e-05
2.840650574e-05
2.846482491e-05
2.85293562e-05
2.858911435e-05
2.864955164e-05
2.871516143e-05
2.878745208e-05
2.884379016e-05
2.890428863e-05
2.89607645e-05
2.902908342e-05
2.908345941e-05
2.913680575e-05
2.91965563e-05
2.926134309e-05
2.746066813e-05
2.748794933e-05
2.753260865e-05
2.758607981e-05
2.764069367e-05
2.771353515e-05
2.777085394e-05
2.783485044e-05
2.792039023e-05
2.798958085e-05
2.805648537e-05
2.812866838e-05
2.819570703e-05
2.826673636e-05
2.833609912e-05
2.839943327e-05
2.846312767e-05
2.853042951e-05
2.859218716e-05
2.865458886e-05
2.872562508e-05
2.879155883e-05
2.884333684e-05
2.890540254e-05
2.896650075e-05
2.903597826e-05
2.908520016e-05
2.916547167e-05
2.919637863e-05
2.925578232e-05
2.739812247e-05
2.743551765e-05
2.747426878e-05
2.754263751e-05
2.759069157e-05
2.767571998e-05
2.773979073e-05
2.781775571e-05
2.788758085e-05
2.795803231e-05
2.804610969e-05
2.811667052e-05
2.819197096e-05
2.826461496e-05
2.833036532e-05
2.840551599e-05
2.847065303e-05
2.853687255e-05
2.860831214e-05
2.867189434e-05
2.874569819e-05
2.880016034e-05
2.886199657e-05
2.892552153e-05
2.898735209e-05
2.903140133e-05
2.910610273e-05
2.914660645e-05
2.921330359e-05
2.924536561e-05
2.732877565e-05
2.73889161e-05
2.744661955e-05
2.749752718e-05
2.757396688e-05
2.764293974e-05
2.771100853e-05
2.778658287e-05
2.789209671e-05
2.796516147e-05
2.80297004e-05
2.812299368e-05
2.819845755e-05
2.827475049e-05
2.834931717e-05
2.841932499e-05
2.848855108e-05
2.856531363e-05
2.86188684e-05
2.869911823e-05
2.875575276e-05
2.880914521e-05
2.886956981e-05
2.893300559e-05
2.898859682e-05
2.904505402e-05
2.909430941e-05
2.916218824e-05
2.921110974e-05
2.927251505e-05
2.728074184e-05
2.731929931e-05
2.738686752e-05
2.743290031e-05
2.752731373e-05
2.76157899e-05
2.770200157e-05
2.779312361e-05
2.787702359e-05
2.795744076e-05
2.80449488e-05
2.8133436e-05
2.820141323e-05
2.829094287e-05
2.836170838e-05
2.844487353e-05
2.849915481e-05
2.857458433e-05
2.86261199e-05
2.871149397e-05
2.876873088e-05
2.883297812e-05
2.889002948e-05
2.893823945e-05
2.89927823e-05
2.906020958e-05
2.912147634e-05
2.915906244e-05
2.922355945e-05
2.928144221e-05
2.721676125e-05
2.726894602e-05
2.734981975e-05
2.742305856e-05
2.749990547e-05
2.759880284e-05
2.769164125e-05
2.779285342e-05
2.78747467e-05
2.796127208e-05
2.806725126e-05
2.813126207e-05
2.821721268e-05
2.83029049e-05
2.836405026e-05
2.844401291e-05
2.85255284e-05
2.859073508e-05
2.866079565e-05
2.871047126e-05
2.878497093e-05
2.883552444e-05
2.889248942e-05
2.895421547e-05
2.899995297e-05
2.906745461e-05
2.912458952e-05
2.918627756e-05
2.92328495e-05
2.927471567e-05
2.71359567e-05
2.71967058e-05
2.727975849e-05
2.73668333e-05
2.747683898e-05
2.758174368e-05
2.767939269e-05
2.778724289e-05
2.788296691e-05
2.798783401e-05
2.806838034e-05
2.817309609e-05
2.825026433e-05
2.833178143e-05
2.840144199e-05
2.848457694e-05
2.855003836e-05
2.86166471e-05
2.866945743e-05
2.874815225e-05
2.880525213e-05
2.887760569e-05
2.891396616e-05
2.896365848e-05
2.90294259e-05
2.907496128e-05
2.913665413e-05
2.919458032e-05
2.924183148e-05
2.927965073e-05
2.708203421e-05
2.713810212e-05
2.722728632e-05
2.735759656e-05
2.745170835e-05
2.758179914e-05
2.769206503e-05
2.780057689e-05
2.791741534e-05
2.800936923e-05
2.810176947e-05
2.819633016e-05
2.83002869e-05
2.835956528e-05
2.84429905e-05
2.85153936e-05
2.858396957e-05
2.864145399e-05
2.869661194e-05
2.876514549e-05
2.881897399e-05
2.888255723e-05
2.892725095e-05
2.900215992e-05
2.903275488e-05
2.909186906e-05
2.913625078e-05
2.920793847e-05
2.924220203e-05
2.929557026e-05
2.70027165e-05
2.709001003e-05
2.719114674e-05
2.732271845e-05
2.746963608e-05
2.758440104e-05
2.771061678e-05
2.784443275e-05
2.79556121e-05
2.805800171e-05
2.814936715e-05
2.823461739e-05
2.831944513e-05
2.841058247e-05
2.8472678e-05
2.853750916e-05
2.86116872e-05
2.867779701e-05
2.873583608e-05
2.879468901e-05
2.885246863e-05
2.889924238e-05
2.895800665e-05
2.900316501e-05
2.906497296e-05
2.911860109e-05
2.91635515e-05
2.920714827e-05
2.925338951e-05
2.931783063e-05
2.691948116e-05
2.702183833e-05
2.716264799e-05
2.7310441e-05
2.746629348e-05
2.762639834e-05
2.775001994e-05
2.788014899e-05
2.799712831e-05
2.809744024e-05
2.819909284e-05
2.829200782e-05
2.838433993e-05
2.844905551e-05
2.852858604e-05
2.857565486e-05
2.865961906e-05
2.871744949e-05
2.877059125e-05
2.881573385e-05
2.88836292e-05
2.893138874e-05
2.897074992e-05
2.902988156e-05
2.908347555e-05
2.913375392e-05
2.916238543e-05
2.921327203e-05
2.926097287e-05
2.93031251e-05
2.685725451e-05
2.69811201e-05
2.714919006e-05
2.733051141e-05
2.751506016e-05
2.766680671e-05
2.782110676e-05
2.795705612e-05
2.806116029e-05
2.81784841e-05
2.826144238e-05
2.836460918e-05
2.843239299e-05
2.850451434e-05
2.856702299e-05
2.863941943e-05
2.8708965e-05
2.875772925e-05
2.881002204e-05
2.886181984e-05
2.891456575e-05
2.895528604e-05
2.900410308e-05
2.905238873e-05
2.909114402e-05
2.915102774e-05
2.917881483e-05
2.923969549e-05
2.928292428e-05
2.930586486e-05
2.676932678e-05
2.695114894e-05
2.716713504e-05
2.739989157e-05
2.760010543e-05
2.777512606e-05
2.792337674e-05
2.805653014e-05
2.815055952e-05
2.825369863e-05
2.835733106e-05
2.844682908e-05
2.850811864e-05
2.856778411e-05
2.862857015e-05
2.869259587e-05
2.876377608e-05
2.88027492e-05
2.885716714e-05
2.889061696e-05
2.894729068e-05
2.899368529e-05
2.904095051e-05
2.907759612e-05
2.911343732e-05
2.916598478e-05
2.920829417e-05
2.925651926e-05
2.928413261e-05
2.933014035e-05
2.669440664e-05
2.6979926e-05
2.727455574e-05
2.754613288e-05
2.77492735e-05
2.792758471e-05
2.805930354e-05
2.817033937e-05
2.826886547e-05
2.835972772e-05
2.843888198e-05
2.851160392e-05
2.858719989e-05
2.863693111e-05
2.870904533e-05
2.876012785e-05
2.879413492e-05
2.886162812e-05
2.889585384e-05
2.894451018e-05
2.899085806e-05
2.902779564e-05
2.907819841e-05
2.911517514e-05
2.914759311e-05
2.917645596e-05
2.921491193e-05
2.92574415e-05
2.929016177e-05
2.935001e-05
2.666752171e-05
2.712466762e-05
2.749816314e-05
2.776656903e-05
2.797328657e-05
2.810396144e-05
2.82177193e-05
2.831948217e-05
2.840160688e-05
2.848143661e-05
2.853640132e-05
2.861324378e-05
2.866109577e-05
2.872581921e-05
2.878759112e-05
2.881113825e-05
2.886679569e-05
2.89109665e-05
2.895285257e-05
2.89895707e-05
2.902950895e-05
2.907064102e-05
2.910589083e-05
2.91430883e-05
2.917482932e-05
2.92117779e-05
2.925138281e-05
2.928781258e-05
2.931093951e-05
2.934241249e-05
2.698720105e-05
2.765424838e-05
2.794084503e-05
2.809965978e-05
2.824863176e-05
2.833469553e-05
2.841771782e-05
2.849522718e-05
2.856663951e-05
2.86035895e-05
2.867005874e-05
2.871569006e-05
2.875719863e-05
2.88086104e-05
2.884929919e-05
2.889270417e-05
2.894860819e-05
2.896725874e-05
2.899934727e-05
2.903600125e-05
2.909509173e-05
2.911130144e-05
2.914376467e-05
2.917221823e-05
2.920125257e-05
2.923763126e-05
2.926339067e-05
2.929498505e-05
2.93273921e-05
2.935753197e-05
2.928501537e-05
2.932541884e-05
2.936800431e-05
2.942928272e-05
2.947052585e-05
2.953227824e-05
2.958174233e-05
2.962384696e-05
2.966368168e-05
2.973138428e-05
2.977794757e-05
2.982401917e-05
2.987762389e-05
2.994097922e-05
2.998124857e-05
3.003122859e-05
3.007319161e-05
3.010909268e-05
3.015354314e-05
3.018163653e-05
3.023453814e-05
3.025234879e-05
3.0299223e-05
3.032401686e-05
3.037387371e-05
3.039714558e-05
3.041589419e-05
3.044646281e-05
3.047323432e-05
3.047043239e-05
2.926226435e-05
2.932902319e-05
2.936292374e-05
2.942094586e-05
2.947587839e-05
2.951813073e-05
2.959358058e-05
2.963674252e-05
2.969618043e-05
2.974973596e-05
2.978237059e-05
2.983538769e-05
2.989719587e-05
2.994962999e-05
2.999148633e-05
3.003176979e-05
3.007736518e-05
3.012921939e-05
3.017979635e-05
3.021672347e-05
3.026519864e-05
3.028584209e-05
3.033966103e-05
3.03764237e-05
3.039960036e-05
3.042941311e-05
3.044589398e-05
3.048110537e-05
3.050076883e-05
3.051808322e-05
2.927832214e-05
2.933721997e-05
2.938773318e-05
2.944386524e-05
2.948086849e-05
2.954524421e-05
2.958437657e-05
2.96600396e-05
2.970091066e-05
2.975095802e-05
2.981917618e-05
2.987105325e-05
2.990880661e-05
2.995928282e-05
3.000867056e-05
3.005555593e-05
3.011077717e-05
3.01578139e-05
3.020913226e-05
3.023326059e-05
3.028201936e-05
3.033238061e-05
3.03534619e-05
3.040134198e-05
3.042879654e-05
3.047875679e-05
3.049996348e-05
3.052144625e-05
3.05529692e-05
3.05542396e-05
2.928487551e-05
2.931979369e-05
2.93723297e-05
2.943905409e-05
2.951907092e-05
2.954508875e-05
2.960441227e-05
2.965516733e-05
2.97075346e-05
2.976332654e-05
2.981911516e-05
2.985921346e-05
2.992695402e-05
2.99783794e-05
3.002860355e-05
3.006881124e-05
3.012723127e-05
3.016958798e-05
3.022092813e-05
3.027483295e-05
3.03149565e-05
3.03586071e-05
3.040755306e-05
3.044558227e-05
3.049607721e-05
3.050744398e-05
3.054030498e-05
3.058165998e-05
3.059244126e-05
3.061347198e-05
2.927762574e-05
2.934130844e-05
2.938865286e-05
2.944750491e-05
2.949550322e-05
2.955117508e-05
2.960959268e-05
2.966600446e-05
2.971839963e-05
2.977646653e-05
2.98185634e-05
2.988198731e-05
2.993862479e-05
2.998694284e-05
3.00507493e-05
3.009651799e-05
3.016555173e-05
3.020881905e-05
3.026020983e-05
3.030293276e-05
3.033667183e-05
3.038339839e-05
3.043909021e-05
3.047731942e-05
3.050709397e-05
3.053278294e-05
3.06103179e-05
3.06187477e-05
3.063434681e-05
3.065266656e-05
2.929151616e-05
2.935913851e-05
2.940717949e-05
2.943998953e-05
2.951936761e-05
2.957743389e-05
2.962092318e-05
2.966717575e-05
2.972375453e-05
2.977720429e-05
2.984127248e-05
2.989391638e-05
2.996029363e-05
3.000905227e-05
3.005943913e-05
3.011118792e-05
3.017186846e-05
3.022844283e-05
3.026996411e-05
3.033821626e-05
3.038627188e-05
3.043410063e-05
3.046379856e-05
3.051926026e-05
3.057805733e-05
3.06090277e-05
3.063765074e-05
3.066641537e-05
3.070960047e-05
3.070348711e-05
2.928635391e-05
2.934562491e-05
2.938718369e-05
2.9466819e-05
2.95120425e-05
2.957908978e-05
2.962715472e-05
2.968811534e-05
2.975455868e-05
2.981441749e-05
2.984381035e-05
2.991158376e-05
2.997995817e-05
3.002899335e-05
3.008782088e-05
3.01295428e-05
3.018855817e-05
3.025953405e-05
3.031389599e-05
3.036231982e-05
3.040939976e-05
3.045925945e-05
3.051365898e-05
3.056509715e-05
3.060053009e-05
3.06338455e-05
3.066850579e-05
3.071269803e-05
3.074746181e-05
3.07775814e-05
2.928134353e-05
2.933951607e-05
2.940035274e-05
2.945707144e-05
2.952298298e-05
2.956864981e-05
2.964275526e-05
2.969666641e-05
2.975891823e-05
2.982481761e-05
2.98819716e-05
2.991879752e-05
2.999087243e-05
3.004451152e-05
3.009879329e-05
3.015795253e-05
3.022591753e-05
3.028257299e-05
3.033807692e-05
3.039059274e-05
3.045010691e-05
3.050365747e-05
3.054155397e-05
3.060012407e-05
3.065198827e-05
3.068564231e-05
3.073618603e-05
3.077538954e-05
3.079143878e-05
3.08275901e-05
2.930020868e-05
2.935485406e-05
2.940734145e-05
2.9458787e-05
2.953045061e-05
2.958019536e-05
2.965377769e-05
2.97055262e-05
2.975229076e-05
2.981270555e-05
2.988068433e-05
2.994481459e-05
2.999668949e-05
3.006197907e-05
3.011445634e-05
3.019179743e-05
3.023866082e-05
3.031165949e-05
3.036371055e-05
3.041451358e-05
3.048030024e-05
3.054170759e-05
3.058349827e-05
3.063246334e-05
3.06927424e-05
3.074100099e-05
3.078860156e-05
3.082558576e-05
3.086465672e-05
3.089142824e-05
2.928858557e-05
2.935935199e-05
2.940604408e-05
2.946083062e-05
2.953498108e-05
2.959242332e-05
2.964776002e-05
2.971820347e-05
2.976029897e-05
2.984348384e-05
2.988890136e-05
2.995896355e-05
3.001041467e-05
3.008040494e-05
3.014220413e-05
3.020751284e-05
3.026647338e-05
3.032552181e-05
3.040376736e-05
3.044551346e-05
3.051825239e-05
3.058007426e-05
3.062054665e-05
3.069145127e-05
3.072599103e-05
3.079051699e-05
3.083689333e-05
3.087352474e-05
3.091617202e-05
3.095586677e-05
2.931033963e-05
2.93574918e-05
2.939901283e-05
2.947768089e-05
2.952109312e-05
2.960817354e-05
2.964261098e-05
2.971268013e-05
2.978589474e-05
2.985480458e-05
2.990854129e-05
2.99633813e-05
3.004357535e-05
3.00994258e-05
3.01599886e-05
3.023455973e-05
3.027613415e-05
3.036583641e-05
3.041408252e-05
3.048582518e-05
3.053832255e-05
3.060760677e-05
3.066120784e-05
3.072275973e-05
3.078345004e-05
3.085447673e-05
3.0872786e-05
3.094669745e-05
3.097559701e-05
3.100799111e-05
2.930072733e-05
2.934265728e-05
2.941744213e-05
2.948776438e-05
2.953404505e-05
2.961266719e-05
2.965169502e-05
2.970924422e-05
2.977554737e-05
2.983895083e-05
2.990483902e-05
2.997929753e-05
3.003069713e-05
3.011210227e-05
3.018142247e-05
3.024214093e-05
3.032385137e-05
3.036565708e-05
3.043888032e-05
3.050865876e-05
3.057855356e-05
3.065444879e-05
3.070255984e-05
3.077047334e-05
3.082588799e-05
3.087777258e-05
3.094652177e-05
3.099516761e-05
3.104341113e-05
3.108375346e-05
2.929811644e-05
2.936800237e-05
2.943226638e-05
2.948501286e-05
2.95302249e-05
2.960676647e-05
2.966318288e-05
2.972740899e-05
2.979587024e-05
2.983889422e-05
2.992088654e-05
2.99829549e-05
3.005854776e-05
3.011679407e-05
3.018713053e-05
3.025864941e-05
3.033199447e-05
3.041206785e-05
3.04601826e-05
3.054516683e-05
3.061967859e-05
3.068860606e-05
3.074769254e-05
3.081977925e-05
3.089452156e-05
3.094567715e-05
3.10132217e-05
3.105494651e-05
3.110054357e-05
3.113939253e-05
2.930836066e-05
2.936604611e-05
2.943147503e-05
2.95004833e-05
2.953423864e-05
2.960614199e-05
2.967025335e-05
2.972287679e-05
2.981586907e-05
2.987051345e-05
2.992918888e-05
2.999444443e-05
3.006093476e-05
3.013190386e-05
3.020369253e-05
3.027188752e-05
3.035129215e-05
3.043947894e-05
3.048943927e-05
3.056204522e-05
3.062071612e-05
3.070564627e-05
3.078353308e-05
3.086962166e-05
3.092313858e-05
3.098921129e-05
3.106584167e-05
3.112145826e-05
3.116895381e-05
3.121604163e-05
2.932483821e-05
2.936847587e-05
2.943420377e-05
2.948495678e-05
2.954935881e-05
2.959484789e-05
2.967286381e-05
2.973846836e-05
2.980173763e-05
2.986873762e-05
2.992505759e-05
2.999241679e-05
3.007042808e-05
3.014195847e-05
3.020804268e-05
3.027903473e-05
3.037018433e-05
3.043582999e-05
3.050973434e-05
3.059069559e-05
3.067038496e-05
3.075995377e-05
3.08273736e-05
3.091356191e-05
3.09792424e-05
3.104866889e-05
3.111893867e-05
3.118424455e-05
3.123566959e-05
3.128496358e-05
2.931909616e-05
2.936621398e-05
2.942797159e-05
2.948721743e-05
2.955285563e-05
2.961455997e-05
2.96699428e-05
2.973993664e-05
2.97885601e-05
2.986934062e-05
2.99386435e-05
3.001370578e-05
3.008031135e-05
3.014563405e-05
3.02145005e-05
3.029538902e-05
3.036142559e-05
3.045004928e-05
3.055300246e-05
3.062733977e-05
3.069010532e-05
3.079973642e-05
3.087273612e-05
3.094203769e-05
3.103578265e-05
3.110727292e-05
3.118175155e-05
3.123958219e-05
3.130561961e-05
3.136391604e-05
2.931854453e-05
2.938563913e-05
2.94286766e-05
2.949041835e-05
2.955205728e-05
2.962444989e-05
2.967643169e-05
2.973876086e-05
2.981183284e-05
2.987588926e-05
2.993849673e-05
3.00107911e-05
3.007032465e-05
3.014831032e-05
3.022984916e-05
3.031969037e-05
3.039282895e-05
3.046074825e-05
3.055002596e-05
3.062638233e-05
3.072510331e-05
3.082340536e-05
3.091135283e-05
3.099565189e-05
3.107959818e-05
3.114291531e-05
3.124354423e-05
3.13243176e-05
3.138871231e-05
3.145477555e-05
2.933344253e-05
2.937359801e-05
2.944405721e-05
2.94921277e-05
2.955421506e-05
2.961945046e-05
2.968682968e-05
2.973074964e-05
2.98019036e-05
2.986577951e-05
2.993908623e-05
3.000609962e-05
3.007325024e-05
3.015220329e-05
3.022483937e-05
3.030805629e-05
3.038445651e-05
3.049451484e-05
3.055842581e-05
3.065047478e-05
3.074794071e-05
3.084443669e-05
3.091729054e-05
3.103318561e-05
3.112466699e-05
3.120568614e-05
3.130554181e-05
3.137822587e-05
3.145376065e-05
3.152838986e-05
2.933380341e-05
2.938416414e-05
2.944861481e-05
2.949957655e-05
2.955652511e-05
2.960709363e-05
2.968726344e-05
2.974889828e-05
2.979223526e-05
2.986078948e-05
2.994094849e-05
3.000893164e-05
3.008566639e-05
3.014974144e-05
3.022865406e-05
3.031536499e-05
3.039668575e-05
3.047247349e-05
3.05657748e-05
3.066370517e-05
3.074533229e-05
3.085402537e-05
3.09444902e-05
3.106147415e-05
3.117290177e-05
3.126211334e-05
3.135338293e-05
3.144417128e-05
3.154742951e-05
3.161439751e-05
2.933189755e-05
2.940004721e-05
2.944199508e-05
2.950957946e-05
2.955547987e-05
2.961626485e-05
2.967880781e-05
2.972416727e-05
2.980020816e-05
2.986763438e-05
2.992419402e-05
2.999228302e-05
3.006297296e-05
3.013957478e-05
3.019962822e-05
3.02983819e-05
3.039314081e-05
3.046016614e-05
3.056857617e-05
3.066940083e-05
3.075112095e-05
3.088515658e-05
3.0977971e-05
3.107694834e-05
3.120027703e-05
3.131634346e-05
3.142911885e-05
3.151898493e-05
3.162388422e-05
3.170710947e-05
2.932250843e-05
2.939857157e-05
2.943614793e-05
2.949786784e-05
2.955653299e-05
2.962220046e-05
2.964666172e-05
2.973594554e-05
2.979412073e-05
2.985538196e-05
2.992359405e-05
2.998885417e-05
3.005928821e-05
3.012666835e-05
3.021256332e-05
3.027330435e-05
3.036300648e-05
3.045728371e-05
3.055867293e-05
3.066354075e-05
3.075694337e-05
3.087436903e-05
3.100092195e-05
3.110059584e-05
3.121978113e-05
3.137078698e-05
3.14643011e-05
3.159201993e-05
3.169903229e-05
3.180031887e-05
2.934748926e-05
2.938056225e-05
2.944929596e-05
2.949164236e-05
2.955159584e-05
2.960670352e-05
2.96539105e-05
2.973649493e-05
2.978415081e-05
2.983886339e-05
2.99203426e-05
2.997668312e-05
3.004144269e-05
3.013346045e-05
3.020282079e-05
3.02814762e-05
3.035482512e-05
3.04568273e-05
3.054641331e-05
3.066474158e-05
3.075141683e-05
3.087403461e-05
3.09873995e-05
3.111791771e-05
3.126115403e-05
3.139536473e-05
3.152717211e-05
3.165978843e-05
3.177740601e-05
3.188279423e-05
2.935143804e-05
2.940186996e-05
2.945265537e-05
2.949745824e-05
2.955185882e-05
2.959948739e-05
2.96583076e-05
2.97206739e-05
2.976804178e-05
2.983192715e-05
2.991149497e-05
2.994565661e-05
3.001778034e-05
3.009578428e-05
3.017093639e-05
3.024457999e-05
3.033892085e-05
3.04307452e-05
3.052213147e-05
3.060543197e-05
3.073077827e-05
3.084174978e-05
3.098289855e-05
3.112104535e-05
3.126790731e-05
3.141285674e-05
3.156545746e-05
3.172429652e-05
3.18607891e-05
3.198096569e-05
2.936523744e-05
2.940696214e-05
2.943954856e-05
2.949793207e-05
2.95579485e-05
2.959804833e-05
2.965379211e-05
2.971810643e-05
2.975287539e-05
2.982111045e-05
2.988351971e-05
2.993435683e-05
3.000673929e-05
3.00773288e-05
3.014902342e-05
3.022547344e-05
3.029942933e-05
3.039300263e-05
3.049522201e-05
3.059824699e-05
3.070757198e-05
3.080920921e-05
3.096901747e-05
3.109622531e-05
3.127186828e-05
3.14306436e-05
3.16031642e-05
3.178199034e-05
3.194098259e-05
3.209595238e-05
2.935573632e-05
2.939769094e-05
2.945729117e-05
2.949374779e-05
2.954946476e-05
2.959236026e-05
2.964060223e-05
2.969069388e-05
2.975818633e-05
2.980650342e-05
2.986613302e-05
2.993141381e-05
2.998337508e-05
3.004585011e-05
3.011249801e-05
3.018589135e-05
3.026096553e-05
3.034759907e-05
3.043643288e-05
3.054791799e-05
3.06698916e-05
3.078206255e-05
3.091931265e-05
3.105422876e-05
3.122227807e-05
3.141638846e-05
3.162399155e-05
3.183532627e-05
3.203357709e-05
3.222954705e-05
2.936162882e-05
2.940942619e-05
2.94468358e-05
2.950661963e-05
2.953729923e-05
2.959144777e-05
2.964614266e-05
2.967611914e-05
2.973147264e-05
2.978160089e-05
2.984751222e-05
2.991124219e-05
2.994701672e-05
3.000300368e-05
3.007560536e-05
3.015953203e-05
3.022211234e-05
3.0297628e-05
3.039065512e-05
3.049804908e-05
3.060875715e-05
3.0722111e-05
3.085834427e-05
3.100942122e-05
3.118591413e-05
3.13844291e-05
3.159797005e-05
3.185651446e-05
3.209309553e-05
3.230852669e-05
2.936187995e-05
2.94142103e-05
2.945426092e-05
2.949843657e-05
2.953378141e-05
2.958178344e-05
2.962632749e-05
2.967295856e-05
2.97119514e-05
2.977109316e-05
2.98086904e-05
2.985677122e-05
2.992679461e-05
2.997264223e-05
3.004486438e-05
3.012200182e-05
3.01764712e-05
3.026463418e-05
3.034227496e-05
3.042010731e-05
3.052835848e-05
3.064155429e-05
3.076101241e-05
3.091609268e-05
3.109173573e-05
3.130907805e-05
3.154646853e-05
3.183884808e-05
3.215740706e-05
3.242834762e-05
2.93793316e-05
2.942199597e-05
2.94605645e-05
2.950327323e-05
2.953503492e-05
2.957106093e-05
2.961692576e-05
2.964713183e-05
2.968936879e-05
2.973901783e-05
2.977356458e-05
2.983763701e-05
2.988421529e-05
2.994285191e-05
2.999962874e-05
3.006269301e-05
3.011274741e-05
3.019171744e-05
3.024539788e-05
3.033366134e-05
3.043909908e-05
3.053478302e-05
3.065935809e-05
3.081179254e-05
3.097156569e-05
3.116924529e-05
3.141646671e-05
3.175731242e-05
3.213130389e-05
3.255128692e-05
2.937431748e-05
2.942943799e-05
2.945225827e-05
2.94931497e-05
2.951895969e-05
2.956548135e-05
2.960207098e-05
2.963079475e-05
2.967141735e-05
2.972120464e-05
2.976012804e-05
2.980745446e-05
2.985447764e-05
2.990056789e-05
2.994673041e-05
2.99980719e-05
3.006292757e-05
3.012709916e-05
3.018450165e-05
3.027648745e-05
3.034039102e-05
3.044762365e-05
3.054001109e-05
3.065454416e-05
3.079453613e-05
3.097281034e-05
3.120172478e-05
3.150757221e-05
3.197414337e-05
3.262339035e-05
2.940028311e-05
2.942791653e-05
2.946087898e-05
2.948383632e-05
2.951210664e-05
2.955800425e-05
2.957311188e-05
2.962220276e-05
2.964371869e-05
2.968019185e-05
2.973903094e-05
2.977103222e-05
2.981387476e-05
2.984963183e-05
2.991358766e-05
2.995579547e-05
3.000891791e-05
3.005473089e-05
3.012144061e-05
3.01767031e-05
3.025016794e-05
3.031088505e-05
3.040522477e-05
3.048914801e-05
3.059403629e-05
3.071810653e-05
3.088669314e-05
3.108484074e-05
3.144412636e-05
3.228607432e-05
)
;

boundaryField
{
    FLOW
    {
        type            calculated;
        value           nonuniform List<scalar> 
60
(
7.980278626e-18
8.031091729e-18
8.067436611e-18
8.087906142e-18
8.11408649e-18
8.12782843e-18
8.152810485e-18
8.16282765e-18
8.181597133e-18
8.190268707e-18
8.204567125e-18
8.219847375e-18
8.228219122e-18
8.245837988e-18
8.252948196e-18
8.267183648e-18
8.281111333e-18
8.282509553e-18
8.299386565e-18
8.30463069e-18
8.316641291e-18
8.321425486e-18
8.33338028e-18
8.343316388e-18
8.344595772e-18
8.361103393e-18
8.365821321e-18
8.369626688e-18
8.376914361e-18
8.385364802e-18
8.398979005e-18
8.411141716e-18
8.422214429e-18
8.419389598e-18
8.430188425e-18
8.440540221e-18
8.449206136e-18
8.461627474e-18
8.470341423e-18
8.479676323e-18
8.488047807e-18
8.508238746e-18
8.514057699e-18
8.526353792e-18
8.536740633e-18
8.548634993e-18
8.562109719e-18
8.574001612e-18
8.593198801e-18
8.608816246e-18
7.131865717e+281
8.648786775e-18
8.659905014e-18
8.683528062e-18
8.705856215e-18
8.7388915e-18
8.771073177e-18
8.814243019e-18
8.857922557e-18
8.936481597e-18
)
;
    }
    WALL
    {
        type            calculated;
        value           nonuniform List<scalar> 
180
(
8.056455148e-18
8.045036546e-18
8.026059352e-18
8.020813579e-18
8.01613118e-18
8.00069731e-18
7.990922996e-18
7.977246589e-18
7.961449225e-18
7.95231504e-18
7.939893775e-18
7.91976456e-18
7.911331795e-18
7.902672431e-18
7.87049199e-18
7.856702986e-18
7.842325914e-18
7.829574819e-18
7.805885667e-18
7.793414723e-18
7.763192867e-18
7.74919773e-18
7.723584386e-18
7.699723603e-18
7.680769338e-18
7.660595009e-18
7.633547185e-18
7.60225788e-18
7.561956292e-18
7.515377607e-18
8.067238197e-18
8.082423943e-18
8.090704386e-18
8.095963056e-18
8.103455107e-18
8.119609796e-18
8.116487945e-18
8.118585119e-18
8.126779061e-18
8.131183055e-18
2.130084003e+282
8.133185646e-18
8.137413557e-18
8.140113209e-18
8.135230175e-18
8.12864832e-18
8.128914995e-18
8.136128689e-18
8.121960859e-18
8.121282872e-18
8.119655366e-18
8.109918494e-18
8.109414937e-18
8.10699607e-18
8.095069338e-18
8.087952967e-18
8.07461374e-18
8.075959609e-18
8.07352051e-18
8.063048299e-18
8.025603708e-18
8.034948141e-18
8.046602049e-18
8.054183018e-18
8.065709905e-18
8.076027508e-18
8.077546984e-18
8.088142483e-18
8.094108076e-18
8.102420758e-18
8.108762133e-18
8.121153198e-18
8.130097975e-18
8.137636419e-18
8.148377727e-18
8.15794305e-18
8.165577848e-18
8.174098437e-18
8.190797234e-18
8.199080603e-18
8.209083939e-18
8.225557927e-18
8.235595786e-18
8.253605778e-18
8.260598899e-18
8.273480661e-18
8.291736703e-18
8.311231036e-18
1.4753515e+281
8.3276388e-18
8.352777797e-18
8.369072949e-18
7.131865719e+281
8.384384145e-18
8.39560501e-18
8.405213732e-18
8.428350242e-18
8.44278566e-18
8.448994224e-18
8.463181043e-18
8.479945433e-18
8.494282095e-18
8.504541656e-18
8.518072159e-18
8.532975651e-18
8.539570688e-18
8.548022046e-18
8.559842649e-18
8.574303257e-18
8.576989504e-18
8.594073011e-18
8.602566672e-18
8.614726647e-18
8.618868641e-18
8.63421243e-18
8.637412801e-18
8.644961107e-18
8.656705011e-18
8.674720377e-18
8.685166564e-18
8.647693024e-18
8.636584751e-18
8.620987203e-18
8.60970015e-18
8.603572989e-18
8.609049439e-18
8.594681003e-18
8.589749242e-18
8.586771965e-18
8.588110182e-18
8.582861432e-18
8.584056811e-18
8.581099561e-18
8.592230983e-18
8.594685993e-18
8.589436224e-18
8.592989058e-18
8.602929462e-18
8.605632218e-18
8.610007588e-18
7.131865722e+281
8.625765262e-18
8.630439927e-18
8.638254937e-18
8.64160338e-18
8.652128186e-18
8.673333117e-18
8.6774335e-18
8.690511514e-18
8.694174641e-18
8.71232934e-18
8.717468701e-18
8.73302685e-18
8.749807721e-18
8.761679692e-18
8.776536524e-18
8.796998593e-18
8.806656459e-18
8.829330619e-18
8.848645727e-18
8.866328629e-18
8.886867938e-18
8.903892937e-18
8.926623336e-18
8.949731438e-18
8.968588741e-18
8.987401071e-18
9.023884936e-18
9.037660909e-18
9.065820475e-18
9.098417457e-18
9.116509562e-18
9.15615109e-18
9.18494292e-18
9.22861039e-18
9.259947195e-18
9.301970948e-18
9.351475081e-18
9.406547583e-18
9.500413995e-18
)
;
    }
    frontAndBack
    {
        type            empty;
    }
}


// ************************************************************************* //
