/*--------------------------------*- C++ -*----------------------------------*\
  =========                 |
  \\      /  F ield         | OpenFOAM: The Open Source CFD Toolbox
   \\    /   O peration     | Website:  https://openfoam.org
    \\  /    A nd           | Version:  6
     \\/     M anipulation  |
\*---------------------------------------------------------------------------*/
FoamFile
{
    version     2.0;
    format      ascii;
    class       volScalarField;
    location    "20.5";
    object      internalT;
}
// * * * * * * * * * * * * * * * * * * * * * * * * * * * * * * * * * * * * * //

dimensions      [1 2 -2 0 0 0 0];

internalField   nonuniform List<scalar> 
3600
(
272.9010457
272.915471
273.0070159
273.023675
273.0301906
273.0422363
273.0235548
273.0626522
272.9976223
272.9708
272.8763229
272.9204636
273.0059005
272.9884576
272.9338289
272.8693078
273.0594618
273.0104551
273.0170444
272.9535276
272.934738
272.9920521
272.9212567
272.9549105
273.0632949
273.0341275
272.9718248
273.0184388
273.0182983
272.953198
273.068916
272.8769036
273.015751
272.9907508
273.0242613
273.0209394
272.993412
272.9800976
273.0182869
273.0009708
272.9750612
273.0445686
273.0752891
273.0001011
272.9556472
272.9587063
272.9483232
272.8885698
272.9313846
272.9347384
272.945166
273.0285778
273.0653812
272.9874275
273.0622589
273.0263828
273.0144851
273.0459552
272.9443849
272.9488763
272.9700068
273.0664766
272.9600181
273.0677249
272.9352613
273.0638879
272.9827969
273.049397
273.0520046
273.0208383
273.0936957
273.0072519
272.9294792
272.9952479
273.0130551
273.0036931
272.9894311
272.9345863
272.9328301
272.9426896
272.9702316
273.0094783
272.9716111
273.0586192
272.9998233
272.9873098
273.0553787
273.1309964
272.9106506
273.034156
272.9616028
272.9253999
272.9114542
273.0297331
272.8925023
273.0264136
272.9684249
273.0496792
273.0164768
273.007366
272.9623048
273.0207498
273.0181133
273.0510878
273.0459031
272.936135
272.972913
272.9956238
273.049232
272.9358004
273.0054641
273.0439111
273.016304
272.9945427
272.9859699
272.9078365
272.9853516
272.9816096
273.1478002
273.0115034
272.9661747
272.9851782
273.0124681
273.0616619
273.037668
273.0156404
273.0415169
272.9912017
272.9131327
272.951208
272.8693117
272.9208613
272.9355438
273.0034649
272.9116107
272.7756914
272.9926666
272.9356712
272.9312174
272.9506746
272.9212145
273.0249785
272.9419023
273.0009968
272.9982757
273.0412017
272.9298431
273.0227511
273.0117591
273.0080479
273.0151446
272.9502377
272.9839226
273.0043026
273.0346244
272.9490869
272.9878046
272.9958775
272.9804472
272.9355041
273.0674501
273.0101938
272.8852575
272.9474378
273.0194843
273.0354995
272.9774945
272.9388227
272.9808003
272.98594
273.0059924
272.9273411
272.9722796
272.940609
273.1047064
272.9425857
272.9563866
272.9568236
273.0286062
273.1336316
272.978843
273.0911814
273.0436572
272.8624459
272.9203762
272.9842556
272.9667927
272.9931074
272.9537469
272.9061252
272.9669769
272.9721992
273.0173339
272.994765
272.9592984
273.0590356
273.0523014
273.0026136
272.9469861
273.0320812
272.9907598
272.951213
272.9244654
273.0132822
273.0693579
273.0295726
272.9970394
272.9792036
273.013477
273.0454898
272.9182109
273.0037367
273.0031448
272.9893575
273.0315346
272.9764623
272.9491922
272.9529058
272.9843579
272.9417059
272.9630573
272.9271732
273.0243213
272.9829643
272.9446672
273.0373542
272.9993304
273.0025025
272.9347114
273.0632862
272.9412815
272.9946821
272.9739162
272.951977
273.0148349
272.94625
273.0773481
273.0058024
272.9650475
272.9622492
272.9753637
272.958234
272.998068
273.0083418
273.0166087
273.0103482
273.0065237
273.0182016
272.9971083
272.9702836
273.0173053
272.9581659
273.0334488
272.9721096
273.0410951
272.9481918
273.0203164
272.9566708
272.9604317
273.0391776
272.9199351
273.0262885
273.0974286
272.9925997
273.0127432
272.9824618
272.9774951
272.9371299
273.0010722
272.9449453
273.0713299
273.0622454
272.9536522
272.9492155
272.9737258
273.0154
272.9724511
272.9708487
272.9900428
273.0654038
272.9065132
273.0476051
273.0236691
272.9640245
273.0024684
272.9595433
272.9375449
273.0279463
273.0235429
272.9150783
272.9500359
272.9044303
272.9077374
272.9867538
272.9349754
272.9769323
273.016853
272.9053519
272.921562
273.0337675
273.0194389
273.0760181
272.9561093
272.9481091
272.9944264
272.9980296
272.9088147
273.0378454
272.9423488
272.8999928
273.0231275
272.8500115
272.9432529
272.9310303
272.9902172
273.039856
272.9554215
273.0034945
272.9752825
273.0486799
272.9923322
273.0217208
273.028084
272.9227458
272.9900502
273.0055004
272.9594807
272.9358515
272.8916772
273.0000624
272.9977406
273.0348949
273.0471299
273.0147706
273.0255668
273.0590704
272.9455711
273.0388866
273.0678972
272.9458238
273.0075819
273.022907
272.9861356
273.0135651
272.9690155
272.9412417
272.9806291
272.9996734
273.0074312
272.9479186
273.0587034
272.9042201
273.043488
272.9501663
273.0700743
272.9685513
272.9280446
272.9710369
272.9959572
273.0005778
273.0401385
273.0237948
272.9691056
273.0378369
272.9681858
272.8579832
273.0914054
272.9706478
272.9729975
272.9698013
273.002439
273.0228559
272.9840118
273.0049678
272.8393736
272.9749301
272.9465294
272.9780876
273.0474869
272.9856179
272.9868921
273.0374866
273.0525019
272.9155261
272.9883364
272.9738012
273.1028813
273.0458408
273.037989
272.9106282
273.0192929
273.0760788
272.9488145
273.0021631
273.0675332
273.0125313
273.0245691
272.9936208
272.9227683
273.0319716
272.9434522
272.9483312
273.0161863
273.0256215
272.8788089
272.9350093
273.0911244
272.9845868
272.9428395
272.9681926
272.9999551
273.0668429
273.0389347
272.9949716
273.0373859
273.0610028
273.013346
272.9909693
272.9738967
272.9962479
273.0008932
273.0605348
273.0107469
272.9669823
273.0534976
273.0306871
273.0145157
273.1310132
273.0649069
272.9923854
273.027743
273.0955729
273.0210796
272.9680685
272.9876281
273.1112876
272.9072641
273.0355753
273.0684738
273.0642243
273.078386
273.0030659
273.0296539
273.017328
273.0322288
273.0440511
272.9915636
272.9847122
273.0100295
272.9610268
273.0262966
272.9872362
272.8979726
272.9357912
272.9779671
272.9731022
273.0411201
272.9542214
273.0261483
272.9775836
273.0258361
272.9568445
272.993881
272.985702
273.0521789
272.9922802
273.0647676
273.0194892
272.9274497
272.9472343
272.9504638
272.9435909
272.8956878
273.064387
273.0202669
273.0288245
272.8818147
273.0076307
272.9609643
273.001077
273.000747
273.0600789
272.9577088
273.0593393
272.9910437
273.0377742
272.9540844
272.973043
273.0288282
272.8611707
273.0242561
273.0085109
273.0125402
272.9017844
272.9995455
272.9254634
273.0238709
273.0094556
273.0311688
273.0275707
273.0422954
272.9847067
272.9935727
273.0648269
273.0119783
272.949835
273.0256889
273.0417999
273.0012946
273.0639576
273.0503115
272.9976111
273.0269272
273.0053744
273.01374
273.0159106
272.913108
272.9874375
272.9545731
272.9253255
272.9161558
272.9543192
273.0380545
273.0573325
272.9899672
272.9902577
273.0299956
272.9699921
272.9232221
272.9954093
272.969932
272.9337034
273.0273105
273.0543943
273.0254319
272.9387154
273.0014812
272.9693805
272.9964323
272.952464
273.0348184
273.0087956
272.8654114
273.0396463
272.974952
273.006412
273.0524906
272.9347831
272.9804255
273.0210076
272.9651604
272.9675896
272.9524855
272.9590937
272.9629485
272.9493614
272.9828926
272.9838213
272.9756726
272.9486934
273.0007215
272.925324
272.9789625
273.0050302
273.0224968
272.9967698
273.0113047
272.9662392
273.0420641
273.0487072
272.9111336
272.9843329
272.966292
273.0020265
272.9764961
272.8643468
272.9999074
272.9863909
272.9034345
272.9780163
272.9771115
273.0498537
272.8870926
272.9666424
273.0040249
272.9544671
272.9768717
272.968947
273.0207256
272.9710361
273.0480961
272.99322
273.0119104
273.0306629
272.9791264
272.9478227
272.9465998
273.0104973
272.9982091
273.0498005
273.0035433
273.0645789
272.8909049
272.9886589
273.0145102
272.9426229
273.0247687
272.9340113
273.033753
272.9593855
272.9200449
272.9280654
273.0171825
273.0073248
272.9736541
272.9209511
273.0457284
273.0682764
272.9610775
272.8659848
272.9779559
272.9924535
272.9813491
272.9753377
272.89135
273.0174564
273.008004
272.94287
273.0007127
273.1220577
273.0655239
272.9836662
272.9904888
272.9917746
272.9929834
273.005797
272.9734993
273.0066214
272.9689686
272.997355
272.9878508
272.9666756
272.9562885
273.0468577
273.0538729
272.9786303
273.001345
272.9990912
272.9195373
272.9673027
273.0142761
272.9515517
272.9713768
272.972367
273.0226227
273.0008554
272.9792888
273.0412691
272.9546811
273.0392051
273.0624461
272.9483938
272.9005818
273.1110168
272.9925004
273.01791
273.0571099
272.9559388
272.9038518
272.9593477
272.9496148
273.0103583
273.0378279
272.9486336
273.0274602
273.0977436
272.9530235
272.9783438
273.0278865
272.9326453
272.9634649
273.0252647
273.0184023
273.019516
273.00753
273.0458221
272.9274351
272.9755384
272.9444068
272.8934952
272.9850485
273.0029977
272.9394131
273.0085894
272.9753445
272.9791544
272.9469693
272.9008466
272.97127
272.9271397
272.9936819
272.9981434
272.9351925
273.012536
273.0954624
273.0445611
273.0015133
272.9741693
273.0363545
273.0679199
273.0123817
273.005781
272.9352084
272.9953431
273.0415852
272.9754881
273.033618
273.0781223
273.0328253
273.0503882
273.0852144
273.0193417
273.056966
272.975063
272.9954407
272.9240115
272.9541501
272.9107957
272.9952912
273.0709554
273.0015318
273.055239
272.9509823
272.9809471
272.9979692
272.9002655
272.9956137
272.9787246
272.9445748
272.9425226
272.9108783
273.0175196
272.9937831
272.9295339
273.0460881
272.978536
273.0079478
273.0124622
273.0527906
272.9853942
273.0211105
273.0786321
272.9284722
272.9843261
272.9064682
272.9658076
272.9585884
272.9911031
272.9746165
273.0088595
272.976279
272.9796217
273.0626175
272.9856181
272.9243511
272.983917
273.075194
272.9354117
272.9723121
272.9551369
272.8966021
273.0298347
272.9398395
272.9241085
273.0676304
272.9285988
273.0604939
273.0576584
273.0097742
272.9242209
273.0239865
273.0568537
273.0489057
272.9361313
272.9780834
272.9668529
272.9920892
272.8988755
272.9634169
272.9826357
272.9189209
272.9797444
273.0025217
272.960757
272.8454202
273.0355988
272.9717901
272.9951934
272.9180884
272.9880429
272.9695515
272.9108579
273.0217539
272.9651815
273.0174464
272.964716
273.1086562
272.9809349
273.0088113
273.0399434
272.9307323
273.0727552
273.0003634
273.0081152
272.9899843
272.9853903
272.968216
272.9469081
272.9977594
273.0154092
273.0145302
272.9630943
272.9062247
272.9856151
272.9818128
273.0876749
272.99217
272.955176
273.043347
273.0696882
273.0427027
272.9643354
272.9127056
272.9967616
272.9542781
273.0688608
272.9632662
273.0262406
272.9650737
273.0936399
273.060099
272.94998
273.0076902
272.967793
272.9445461
273.0519168
272.9783582
272.9835902
272.9871292
273.0112167
273.0208974
272.9357261
272.963897
272.9446937
272.9814051
272.9629591
272.9883617
273.0504768
272.9339932
273.0035887
272.9693141
273.0186809
272.9631694
273.096228
272.9730389
272.9796929
273.0073544
273.0351477
273.0337381
272.9836904
272.939715
272.951816
273.0018894
272.9088256
272.9080652
272.9954853
272.972856
272.96443
272.9185214
272.9378925
272.9977413
273.0611287
273.0796406
273.0492191
273.0122788
272.9636159
272.9227522
273.0135578
272.9611173
273.0121056
272.9825862
273.0131874
272.9842423
273.0290511
272.962025
272.9579637
272.9768359
272.9974286
273.0125483
273.0002365
273.1048867
273.116698
273.0048988
273.0083952
272.9885693
272.9257237
273.0407642
273.0398656
273.0190892
272.994687
273.0172635
273.0293564
273.0880759
273.0618194
273.0451285
273.081916
272.9960249
273.0077643
273.0567578
272.9201903
273.0235194
273.0765737
273.0735235
273.0819174
273.0916675
272.9721897
273.0584895
273.1612534
273.0274081
272.9794803
273.0549729
273.0342614
272.9993932
272.9686045
273.0523896
272.9538279
273.00864
272.945437
273.0174135
273.0273063
272.9636984
272.8754112
273.0237566
272.9791015
272.9925092
273.0788184
272.9842273
273.1027115
273.0121302
272.9489264
273.027478
273.080579
272.9745107
272.9839136
273.1064504
272.9794607
273.0156135
273.1003899
273.0820489
273.0750217
273.0169961
273.0815787
273.0533019
273.0851197
272.9897633
273.1146455
273.0124362
273.0001481
273.0029956
273.0658627
272.9473163
273.0896505
272.9994215
272.943682
273.0481861
273.0476621
273.1088609
273.060864
272.9676094
272.9375494
272.9710265
273.0678714
272.9945843
272.9842837
273.0683763
273.0551565
273.0634409
273.0337664
273.0672162
272.9870457
272.9451479
272.9792649
272.9274746
273.0296118
272.9982305
273.0184319
272.9219903
272.972702
273.0340057
272.9354093
273.0829105
273.0332972
273.0750471
272.9459299
273.0568445
273.039193
273.1020933
272.9896845
273.0385784
273.0867793
273.0717481
273.1105333
273.0147653
273.0306615
273.0663692
273.0639513
273.0970967
273.0366117
273.1128268
273.0299094
273.0931651
273.0017635
273.0137989
272.8944698
273.0036278
273.0123084
273.0481397
272.9970153
273.0332475
272.8930072
273.1075553
273.0432829
273.0352789
273.024919
273.0263128
273.0319546
273.0107176
272.9767953
273.050944
272.967309
273.0854819
273.006055
273.1285146
273.0564409
273.0914105
273.0626409
273.0453949
272.9712702
273.065541
273.0247918
272.9866749
273.0249089
273.0133136
272.9926715
272.949674
273.0651544
273.0350961
272.9655587
272.9925729
273.0752401
273.0896489
273.0092695
273.0654408
273.0126948
272.9541598
272.9774435
273.0588488
273.0925833
272.9251142
272.9840662
273.0615124
273.0198006
273.038924
273.1224978
272.9448733
273.0609844
272.9509183
273.0541671
272.9896531
273.0693772
272.9883645
272.9967737
273.0321766
273.0555948
273.0579317
273.0547737
273.1310777
273.0377384
273.0327982
273.1004645
273.0074587
272.9623056
273.0462413
273.0122932
273.0815994
273.0320009
273.0424828
273.0416361
273.0520129
273.0344586
273.0712804
273.0025951
273.0440298
272.9926092
272.977171
273.054664
273.0748512
273.0231121
273.1126099
273.0033726
272.9621419
273.0196351
273.0096238
273.0655637
273.0739477
273.100243
272.9794039
273.0162338
273.0494828
273.0242054
272.9389112
272.9826851
273.0134543
273.0352973
272.9968694
273.0796694
273.02879
273.0364263
273.0222383
273.0263785
272.9562122
273.0653571
273.0560956
272.9484451
272.9418719
273.0353457
273.1518695
273.0450569
272.9552109
273.0121133
273.0003418
272.9875503
272.9641283
273.1017196
272.9885483
272.9596031
273.1052394
273.0213677
272.9934965
272.926989
272.993098
272.9782748
273.0354099
272.9916902
273.075347
273.0510642
273.0820148
273.0509054
273.0394046
272.9859236
273.0072468
272.9328851
273.0480258
272.9426724
273.0300467
273.0201529
272.9921487
272.9471141
273.0210226
272.9493952
273.0108618
273.0058768
273.0082212
272.9608061
272.9350299
273.108801
273.0547356
273.0235375
272.9927117
272.9568855
272.9953208
273.0780464
273.0340413
273.0346754
273.0298564
273.070827
272.9524388
273.0119215
272.9802928
272.9820088
273.0007282
272.9185142
273.1086456
272.9889853
273.0134537
272.941317
273.0482388
272.9991829
273.004846
273.0378152
273.0052859
273.0071232
273.0620225
272.9466134
273.0679177
272.9962112
272.9352726
273.0220872
273.1025144
273.0135119
272.9942784
272.9539121
273.0225525
273.1280868
273.0083762
273.0785764
273.0325621
273.0205998
272.977493
272.9827709
272.9969393
273.0374937
273.0194381
273.038588
273.0532061
273.0272168
272.8900006
273.0454266
273.0629651
273.0064375
273.0240387
272.9510668
273.0459448
272.9817501
272.9879021
273.0577799
273.0178425
273.0518361
273.0433541
273.0584035
273.0538023
273.0078242
273.0413215
272.9353106
272.9465557
273.0065565
273.0541459
272.8931692
273.0904583
273.0151112
273.0242872
273.0384207
273.0797252
273.0638454
273.0487308
273.1388547
272.9309109
272.9995843
273.0038035
272.997286
273.0128969
272.957076
273.0669297
272.9922604
272.910072
272.9927483
273.0602722
272.8653387
273.0176725
273.055366
273.0240053
273.0720335
272.9969366
273.0523148
273.003484
273.1036167
272.9534086
273.0256477
273.0190386
272.975098
273.1201169
273.036998
273.0101187
272.9300657
273.1192887
273.0117499
272.9523601
273.0601946
273.0050602
273.0801695
272.9825207
273.0381274
272.999098
273.0040146
273.0231875
273.0225622
272.9872072
272.9887708
273.0161289
273.059113
273.0387474
273.0528419
273.0569801
273.0104032
273.0960763
273.0319511
272.9779087
273.0157485
273.0878181
272.9531239
272.9591637
273.024767
273.0976288
273.0220704
273.0835459
273.0504029
273.0689004
272.9230691
273.0493675
273.0463672
272.9973847
273.052045
273.0424535
273.0803495
273.0234412
273.0788627
273.0865276
272.9498048
272.9725708
273.0199706
273.0036761
272.9887568
273.0421214
272.98849
272.9672758
273.0078721
273.1761533
273.0070202
272.9760943
273.0005071
272.944293
272.9600695
272.9972625
273.0415162
273.0662068
273.0169235
273.1302224
273.0346289
273.0826813
273.0015448
273.0290321
272.9832413
272.9687269
273.0472828
273.0195545
272.93159
272.9868366
272.9282328
273.0301356
273.0094695
273.0598955
273.0641064
272.9831832
273.0176381
272.9536077
273.0138258
273.1051499
272.9627694
273.0858911
273.0538758
273.0099405
273.1081243
273.0082806
273.0933833
273.0177661
273.0111675
273.0143428
273.0306898
273.0600525
272.9894738
272.9565062
272.9784743
272.9715522
273.003612
272.9483428
273.0247254
273.0216387
272.9839947
272.9407507
272.9880194
272.9658577
272.9703439
273.0311533
273.0139712
272.9657817
272.992378
273.0763382
273.0343871
273.0456542
273.0187919
272.9584723
273.1275951
273.0551835
273.0586636
273.0856375
272.9805656
273.0909227
273.0109929
273.0353731
272.914008
272.9439301
273.0099628
273.0133268
272.9643123
272.9347232
273.0152336
272.9904873
272.9467843
273.0507154
273.0293506
272.9435578
273.0276446
272.9843117
273.1078273
272.996731
273.0064079
273.0429052
273.0006806
272.9746136
272.9512846
272.9134237
273.0202305
272.9662912
273.0555865
273.0788726
273.0707686
273.0854094
273.1400578
273.0676384
273.0417533
272.9781868
272.8834824
272.9904642
272.9924079
272.9689861
272.8638887
272.9771568
273.0312196
273.0103762
272.9972234
273.0496317
273.008123
273.0781199
272.9871647
273.0226604
272.984615
272.9447829
273.0282097
273.0022192
272.9597864
272.9928978
272.9349942
272.9432151
273.0277848
272.9175603
272.9902258
273.0122269
272.9250907
273.0282027
272.9698747
273.0283566
273.0893921
273.0421475
273.0717198
273.1286827
272.9736945
272.9553536
273.0659484
273.0819819
272.9492423
273.0030778
273.0491866
272.9866928
273.0533273
273.077608
272.9999897
273.0094776
272.9569929
273.0084252
272.9756069
273.0271728
272.9877474
272.9710804
273.0779907
273.0652007
273.0306624
272.9719048
272.9892346
272.9903294
273.0678568
273.051294
272.993104
273.0215961
273.0337888
273.009921
272.9648047
272.9999074
273.0094765
273.0308318
273.0404098
273.0290709
272.9926933
273.0900928
273.0728794
273.0424931
273.0808734
272.9773868
273.0738995
272.9780122
273.040974
273.0602975
273.0359883
273.0894277
273.0964156
272.9774126
273.0084701
273.0957968
273.081717
272.9474659
272.9389847
272.9656041
273.0099816
273.0722803
272.9358964
272.9496391
272.9630565
273.1568857
273.0582374
272.9310999
272.9667688
273.0091196
273.0143253
272.9977174
272.9243703
272.9659271
273.1399267
273.050756
272.9753545
272.9998922
272.9563297
273.0162878
273.0205024
273.043213
273.1531316
273.0616167
273.0347255
273.0020877
272.9953235
273.0945879
273.0186254
273.0493249
272.9333501
273.0289212
273.0586164
272.9382071
272.9404384
273.0086897
273.0396523
273.0593872
273.0770152
273.0424564
273.1001896
273.006069
273.0214217
272.9926675
273.0083092
273.0427116
273.0286206
272.9918448
273.0305899
273.0548255
272.9227161
273.0464709
273.0640107
273.0180045
273.0484689
272.9986199
273.0541576
273.0570477
273.0363617
272.9839336
273.0398567
273.0528166
272.8742472
273.0117288
273.0476619
273.0031933
273.0340371
273.1292664
273.0713483
273.0754883
272.9390268
273.0393135
272.9486112
273.0105959
273.0835349
273.0573066
272.949867
272.9919352
273.0113112
273.0249541
272.9613667
273.0832965
273.0032313
273.0506906
273.0462293
273.0876371
273.0229389
272.9429464
272.9523526
272.9460392
272.9508776
273.0197822
273.0624933
272.9621735
273.1071961
273.0032024
272.9660586
273.0591829
273.0105145
273.0038247
273.0073822
272.9803012
273.0037721
273.0541465
272.9535378
273.0009251
273.0166285
272.956406
273.0271913
273.034429
273.0667415
273.0566173
273.0397027
273.0428377
273.0473356
273.0179671
273.0236349
273.0208631
273.0512725
272.9804466
273.0506933
273.0430725
272.8964512
272.8920687
273.0292675
273.0425136
272.9585221
273.033897
272.9637862
272.9982643
273.0053599
273.0204296
272.9977316
273.0880129
273.0156
273.0551941
273.0408544
273.0445592
273.0274195
272.9799206
272.9611487
272.9761968
273.0205428
273.0018772
273.0625682
273.0367938
273.0882654
272.9817354
272.9677975
273.0053553
272.9895831
272.9636278
273.0057736
272.9995443
273.0344538
273.0001388
272.922418
273.0507506
273.0239238
273.0069035
273.0627202
273.0475415
273.0498084
273.0062382
272.9668494
272.9886796
272.9311587
272.9769081
273.0221492
272.9349349
273.0779032
272.9728253
273.037139
273.1577431
272.941803
273.004698
272.9012869
273.0006142
273.0197492
273.0806959
273.0546943
273.1250122
273.0010642
273.0451054
272.9951257
273.0485496
273.0263839
273.0387611
273.0607491
273.052393
272.9770834
273.0064069
272.906918
273.02792
273.0567458
272.9754004
272.9994256
272.9492326
273.0637349
273.1040813
272.9793443
273.0211635
272.9552103
272.949211
272.9803246
273.0814116
272.972911
273.0103508
272.941024
273.0012579
273.0668775
272.8976904
272.964201
272.9745351
272.9510806
273.029429
272.9791329
273.0242587
273.069426
273.1020942
273.1276531
273.0490767
272.9915324
272.9467599
273.014885
272.974529
273.0081834
272.994228
272.8954311
273.0079961
272.9964963
272.9824571
272.8875994
273.0002395
273.0972418
272.9607864
272.9901121
272.9603662
273.03515
272.9983126
272.9847363
272.9534947
272.9813368
272.9657483
273.0454798
273.0524584
273.0124046
273.0668366
273.0131195
273.0128269
273.1220578
272.9101656
273.0808556
273.0348136
273.0100643
272.9685119
272.9216517
272.961126
272.9487279
273.038304
273.0180056
272.958093
272.9471125
273.1047686
272.9779392
272.9482349
272.8902316
273.085106
272.9521949
272.986111
272.9821645
272.9949442
272.9826249
273.0582914
273.0740161
272.9602451
273.0461064
272.9305275
272.9235998
273.1046034
273.0547355
272.9512259
272.8921174
273.1259077
272.9787514
272.958223
273.0080104
272.9730447
272.9437931
272.9911676
272.9645274
273.0445618
273.0354617
273.035918
272.9663857
272.9501777
273.0019046
273.0456456
273.0521906
273.0745829
273.0168166
273.0963841
273.0468383
273.0381752
272.9883099
272.9823827
272.9797656
272.9612644
272.9768516
272.9792135
272.9667807
273.0347165
273.0522918
272.9549123
273.0652303
272.9945381
272.9740429
273.0629243
272.9894313
272.9994128
272.9419167
272.9558632
272.9464602
273.0650732
273.0285152
272.9586118
272.9422872
273.0074742
272.9459626
272.9453113
272.9674575
273.0310507
273.0351158
273.110593
272.9815837
272.9972017
272.9259554
272.9364333
272.9429543
272.9219072
273.0005257
272.9134501
272.9130014
272.9242546
272.9902797
273.0835835
273.0310449
273.0013203
272.9250704
272.9786806
273.0170086
273.0775951
272.896879
272.952201
272.9295184
273.0592972
273.0451758
273.0956351
272.9432723
273.0085351
273.0066339
272.936085
272.9828778
273.0419135
273.0135256
272.9563041
273.0386421
273.033565
272.9847208
272.9581171
272.9655335
273.0268988
272.9730785
273.0970753
273.0322794
272.9535334
272.9867221
273.0597729
273.0008483
272.9897107
272.9484676
272.9177485
272.9691864
273.0043847
273.0010888
272.984395
273.0134039
273.0688816
273.0099709
273.0408009
272.9281483
272.9962449
273.0584468
272.8909628
272.9491504
272.9948798
273.0363714
272.9478642
273.0089183
273.0841796
273.0092422
273.0359224
272.9956874
273.0146927
272.9941547
272.898795
273.0803379
273.017382
272.9778188
273.0345192
272.9770826
272.9910496
272.9934214
272.9801995
273.0139325
273.0082269
273.0667964
273.0407584
272.9936866
273.041201
273.0427314
273.0551317
272.9606296
272.9772774
272.9790383
272.9131676
272.9529598
272.951572
273.0010309
272.9038694
272.9735947
273.039836
272.990294
272.939376
272.9488785
273.0054836
273.0317444
272.9796192
273.0020525
273.0587322
272.9319922
272.9319313
273.0496973
272.9773539
272.9059944
273.0111768
273.0402533
273.0103335
272.9732091
272.9601309
272.9945261
273.0351896
272.971034
272.899939
272.9712181
272.9629141
272.9880663
272.9574746
272.9766871
273.0627259
273.0276124
272.9998593
272.9537608
273.0031339
272.9809436
273.0443523
272.999865
272.9539432
272.9193469
273.0074964
272.9002845
272.8914076
273.0164933
273.0108404
272.9687964
273.0348727
273.0814532
272.9901821
273.0273055
273.0986401
272.9855157
272.9548124
272.9811694
272.9785697
273.0852182
273.0237466
272.9038095
273.012764
273.022606
273.013897
273.0493334
273.0191558
273.0127263
272.9932243
272.9619175
272.9402212
273.0420834
272.9626784
272.9240918
272.9921793
272.9774176
272.9233053
272.9626611
272.95933
273.1196882
272.937934
273.0002933
273.0097394
272.9744634
272.9227755
273.057445
272.9541596
272.9464436
273.0309393
272.9554225
273.0043617
272.995409
273.0227072
273.0381989
272.9744889
272.9683028
272.9709338
272.9415843
273.0806027
272.9961093
272.9620302
273.031672
272.9996752
272.9368692
273.0390835
272.9653644
272.9823706
272.9454295
273.0263462
272.9400376
273.0473229
273.0203794
272.9156234
273.0035591
272.9687994
272.9391733
273.0397071
273.0497933
273.0349169
273.0319973
272.9386879
273.0225232
273.0388561
272.9904695
273.0395531
272.9663908
273.004316
273.0528336
272.9978676
272.9064799
273.0444248
272.985246
272.9568728
272.8856175
272.9394847
273.1040821
272.9926368
273.0493173
272.9955663
273.0099703
273.1016356
273.0847268
273.0249078
272.931906
272.9975671
273.0139471
273.0251592
273.0845707
272.9835966
273.0304176
273.0210778
273.0146679
273.0382102
273.038506
272.9596095
272.9845231
273.0160775
272.9901675
272.933354
272.9237205
272.9761382
272.9940379
273.1276567
272.894134
272.9986348
272.9862459
272.9763773
272.9874609
272.9721946
272.9465971
273.0305453
273.0525558
272.9419358
272.9131453
272.9940085
272.985323
272.9892613
273.0315497
272.9551425
272.9619155
272.9880338
272.9509199
273.0793482
273.0264042
272.9938079
273.1001917
273.0164657
272.9385792
273.0030499
272.9950659
272.9231386
272.9051745
272.950204
273.0492955
273.0358953
273.0186753
273.0391299
272.9184926
273.038996
273.0441159
273.0121773
272.9605166
272.9788661
272.9750074
272.9708568
273.0147592
273.0198335
272.9616292
272.9818168
272.9985293
272.9891745
272.9903666
273.0482009
273.0778111
272.962457
273.0900719
273.0182489
273.080833
273.000452
273.0747725
272.9792405
273.0029401
272.9645276
272.9396481
272.9718844
272.9179184
273.0164886
273.0998298
272.9918662
273.1415448
273.0005003
272.9464076
273.0027074
273.0005329
272.9998152
273.0942451
273.0122288
273.0606076
273.0087613
272.9898896
273.0285757
273.0575392
272.9941801
272.9284238
272.9741002
273.0098286
273.0005675
272.9982104
273.1193325
272.9906348
272.9206995
273.00354
272.9584058
272.8720701
273.0414098
273.0989135
273.0373062
272.9767299
273.0314089
272.9936073
272.946013
272.9553876
272.9936763
273.0636213
272.9929455
273.0550797
272.9168482
273.0549871
273.0579064
272.9864699
272.9786932
272.943319
273.0244384
272.9889932
273.0159559
272.9892692
273.1183603
273.0336988
273.009546
273.0037389
272.9677641
272.9510442
272.9995346
272.9349606
272.9666127
273.0307156
273.0311046
273.0836398
273.0216709
273.0632185
272.9773878
273.0092073
273.0391423
273.0388729
273.0201927
272.9376796
273.0051934
273.0053258
273.030447
273.0089206
272.9101069
273.0594331
272.994857
272.9903655
272.9269869
273.0545016
273.0320303
272.9798276
272.9011072
273.0015103
272.9679722
272.9757963
273.0164201
272.9322414
272.9754642
273.0299466
272.9949986
273.029097
272.923574
273.0827517
272.9953217
272.9757802
272.9726411
273.0165421
272.9717008
272.9618945
272.9166925
272.9617766
273.0104183
273.010802
272.9908294
272.9062301
272.9684051
273.0357498
272.9925603
273.0190275
273.0305942
272.9470077
273.0316345
272.9949871
272.9167995
272.9742109
273.0675111
272.9509768
273.0124383
273.0082766
272.9550427
272.981631
272.9560377
273.0409564
272.9923418
273.0407697
272.9446978
273.0047928
272.9293877
273.0529394
272.877314
272.9621198
272.8780721
272.9509285
272.9948103
273.0140308
272.9661577
272.9326209
273.0426653
272.9326191
273.0064064
272.9991912
272.9369494
272.9897986
272.9708157
273.0438924
272.9723296
272.9666203
273.0758131
272.9792039
273.0311021
273.0630843
273.0434257
272.9471087
273.0131376
273.0252126
273.0010548
272.896447
272.863416
273.0352016
273.0674
272.9788507
273.0215893
272.9990233
272.8840074
272.9237898
272.9889001
273.0290877
272.9656208
273.0422572
273.0195217
273.0016757
273.0595625
273.022704
272.9845822
273.0461507
272.9898459
273.0384889
273.0274633
273.0265589
272.9927407
273.0543412
272.9824453
273.0311962
272.9567295
272.9818312
272.9364245
273.0017402
272.9525155
272.957228
272.9845724
272.8686302
272.9610544
272.9285714
273.0051693
273.0401297
272.9734767
272.9722703
272.9510305
273.0163974
272.9394291
272.912154
272.9654391
273.0314746
272.929913
273.0115579
273.0021603
273.0797345
273.0109257
273.0517504
273.0713608
272.9712555
273.0073983
273.0025859
273.0441245
272.9372978
272.9683906
273.0287539
272.9986964
272.9628063
273.0060982
273.0332887
273.0429076
272.9723336
273.0381554
273.0174024
273.0013164
272.9676854
273.1155993
272.9568647
272.9273385
272.9840086
272.9401687
273.0284813
273.0664709
272.9956248
273.0235035
272.8792951
273.0961445
272.9796745
272.9721415
272.958907
272.9261863
272.9796413
273.0057698
273.0889529
273.0582409
272.9354465
272.8969812
272.9246956
272.8803171
272.9961475
273.063189
272.9548836
272.9570787
272.9809388
272.9381712
273.0124916
272.9885933
273.0333476
273.0231371
272.9906921
272.9767193
273.0037052
272.9822523
272.9945647
272.9315412
273.0751558
273.0012302
273.048108
273.0430483
272.9462365
273.0425822
273.0191464
272.99813
273.0200961
273.0561875
273.0306993
273.0273027
272.9502348
272.8617174
273.0243161
272.9648751
273.0431512
272.9387706
272.9980093
273.0321751
272.9650797
272.9546601
272.9661068
273.0968415
272.9867269
273.0488518
272.9794146
273.0630227
272.9757481
272.8989667
272.9614945
273.0813604
273.0259357
272.9667219
273.0341244
272.9399662
272.9505903
272.9827503
273.0745174
272.92454
273.0072793
272.9645056
273.0145937
272.9516677
272.9980763
273.0978634
273.0307901
272.8611603
273.0149005
273.0383024
272.9849306
273.027551
272.9895288
272.9765003
273.0180482
272.9367411
272.9880986
272.922007
272.9762228
272.950379
272.9925924
272.9738052
273.0700533
273.0158494
273.0339122
272.9798409
273.0479634
273.0657131
272.9968087
272.9975445
273.0958927
272.9174898
272.9200431
272.9799314
272.9550921
272.9233115
273.050491
272.9339737
272.9955423
272.9033656
272.9586362
272.9592608
273.0582814
273.0277534
272.9518429
272.9873474
272.9128338
272.9884342
273.008826
272.9887205
272.9740609
272.9993759
273.0482401
272.9352559
273.0435641
273.0511698
273.0368374
272.9370633
273.0230623
272.9688669
273.0073799
273.0338966
273.0074938
272.8836285
272.9389473
272.9429374
272.9455672
272.9377447
272.9160432
272.9561561
273.0257107
272.9688601
273.0525085
273.0061691
273.0034797
272.982801
272.9653205
273.0694781
273.07109
272.9073508
273.0039978
272.9985072
272.9978876
272.9971686
272.940517
272.9245018
273.0101747
273.0026157
273.0534909
273.0338264
272.9631379
273.0055768
272.9557149
272.8904533
272.9330383
272.9957021
272.9665641
272.9969885
273.0223846
272.9171072
272.9328141
273.068506
273.0457272
273.0823478
272.9380268
272.9771838
273.0126033
273.0905621
273.0259045
273.0156802
272.919301
273.0016893
273.0022118
273.0433972
272.9753708
272.994808
273.0453478
273.0252856
273.0146805
273.0295145
273.017079
272.9242434
273.0473859
272.9480776
273.0213383
273.0164023
273.0377564
273.0572305
272.9683502
272.8858195
272.9668884
272.9851707
272.9667224
273.0088812
272.985886
273.0383336
273.042877
272.9517207
272.9924581
272.9558284
272.9228599
272.9825794
273.0102082
273.0659588
273.0311257
273.0190116
272.9089462
272.9437229
272.9341964
272.9391176
273.079814
273.0281229
272.939268
272.8844537
272.9579794
273.0321806
272.9576744
272.9766899
272.9907616
272.9703767
272.9922121
272.9957848
273.0423684
272.979676
273.039976
273.0208129
272.9891988
272.9821647
272.9853116
272.9938853
272.9168082
273.0096386
273.0060412
272.9907126
273.0105197
273.0290929
272.9790373
273.0182717
272.9902166
273.0232218
273.0447725
272.8977727
272.9029092
272.9791159
272.8912546
273.0201661
272.9528614
272.9689614
273.0095096
273.0662489
272.9105
273.007505
273.002636
272.9725795
272.9757737
273.0083302
272.9728412
273.0413579
273.0482215
273.0292757
273.0105086
273.1249342
272.9878308
273.0633269
272.9881391
272.9767519
273.0005341
273.0341678
272.9877775
273.0140103
273.0113179
273.113799
273.0303232
272.9951198
273.0523379
273.0089124
273.0055573
273.1014659
272.9848332
272.9255022
273.0348965
273.020176
273.0292888
273.0774665
273.0989719
273.0958275
273.0836844
273.0675145
272.9939107
273.0494953
272.9758867
273.0479128
272.9793751
272.9980711
272.9752679
273.0174716
272.9942074
272.9896743
272.9931724
273.0583754
273.0060256
272.949843
273.0033907
272.9565468
273.0361493
273.04578
272.9763004
273.071888
273.0115904
273.0084058
273.0225917
272.9585508
272.9323406
273.0575439
273.06065
273.0480592
272.9421243
272.9803326
272.9439782
273.0455334
273.0456057
273.0232142
272.8888336
273.0350586
273.0328353
272.8988362
272.9549217
272.9231308
273.0226696
272.9913877
273.0025897
273.02754
273.100969
273.0502012
273.1290851
272.980362
273.0594176
272.9833949
273.0229777
273.0483067
273.0228624
273.1388153
273.0797917
272.9745418
273.0150865
273.0580788
273.0154436
273.0155764
273.0185498
273.0224767
272.9410583
272.9764771
273.0574831
272.9557282
273.0224832
272.9337625
273.0382921
273.0126983
272.9253299
273.0676994
272.967608
273.0307997
272.9369016
272.9361088
273.0185198
273.0941918
273.0233951
273.0242736
272.9857021
273.0205802
273.0332615
272.9878708
272.918901
272.9915679
273.0189409
272.9768202
273.0056707
272.9326651
272.968182
272.9914379
272.9655166
273.0013666
273.0364436
272.9805758
273.0018449
273.0311286
272.9610247
272.955102
273.1230531
273.0510564
273.036119
273.0051526
272.9989876
272.9563977
272.9740531
272.9547648
272.9911215
272.968396
273.0010699
273.0421545
272.9953908
272.9392397
273.04934
273.0180136
273.0031411
273.0347514
272.9399067
273.005468
273.0386666
273.0250859
272.975935
272.9588064
272.9818488
272.9893776
272.993008
272.9602473
272.9565185
273.1613641
273.0267252
272.9810798
273.0462618
273.0640225
273.1075605
273.0930943
272.9232036
273.1181296
273.0338824
273.0387018
272.962303
272.9789037
272.9565578
273.0231205
272.984762
272.9991428
273.0354672
273.0174407
272.908524
273.0268823
272.9542929
272.9269985
273.0370626
273.0374024
273.0684259
272.9663033
272.9963757
273.0728399
273.0861147
273.0529012
272.9899071
273.0956496
272.9708108
272.9984313
273.047317
272.9300708
273.0953824
273.0047523
273.0070635
273.0037192
272.9790506
273.1394996
273.1025474
272.9217374
272.9886658
273.0247878
273.0701758
272.9421905
272.9882099
272.8754158
273.0238565
273.0061784
272.975849
272.9786057
272.945922
273.0257702
273.0684337
273.036489
272.9908247
272.9895849
273.0462738
273.060854
273.0327426
273.0123494
272.9174937
272.9803975
272.9606382
272.9840756
272.9387937
273.0280938
272.9875625
272.9854848
273.1189634
273.0678364
272.9530484
273.0378042
272.951979
273.01031
273.0282772
273.0339436
273.0075799
273.0049094
272.931495
273.0151428
272.9598411
272.963107
272.9675616
273.0957674
273.0106819
273.0913951
273.0769832
273.0171694
273.0122698
273.0705637
273.0025539
273.0311593
272.9824611
273.0312319
272.9953384
273.0999823
273.0236522
272.9670694
273.0341297
273.0073735
273.0320518
272.9293337
272.9781723
272.9467536
273.0021292
272.949244
273.0875007
273.0009008
273.0092701
273.0016227
273.0089091
273.0209564
272.975066
273.0430481
273.0954654
273.0573504
273.0901432
273.0347992
273.0894197
272.9848477
273.051729
272.9224888
272.9530275
273.0471205
272.9473203
273.0082988
272.9913055
272.9948964
273.0469073
272.949388
273.0596391
272.9551869
272.9874614
272.9820746
272.8977343
273.0471211
272.9160139
273.0407853
272.9303413
272.9855616
273.0645214
272.9910661
273.0610069
272.980907
273.0472026
272.9983164
273.0254295
272.9924004
273.0535516
273.0386564
272.9516719
272.9932691
272.9630546
272.9283959
273.1181847
272.9810368
273.0457626
273.0235863
273.0691632
273.0143819
272.9826537
273.0405319
272.9815274
273.025475
273.0302204
272.9379871
273.0118477
272.9913269
273.0014551
272.9189025
273.0709567
272.8934944
272.9445917
273.0037384
273.0855626
272.9156476
273.0088323
273.0140141
273.0176541
272.9025605
272.8723944
272.9900996
273.1047926
273.0082421
273.0592029
272.9266039
272.9299407
272.9785806
272.9535208
272.9702523
273.0156909
272.8706144
273.014937
273.0540331
272.984113
273.1070139
272.8713842
272.9934236
272.9410155
273.0157646
273.058952
272.9925694
273.0418408
273.0560429
272.9927162
273.0255077
273.0433923
273.027611
273.0336247
272.9583681
273.0336006
273.04663
272.9880817
272.9346485
272.956718
272.9345169
273.0262185
273.0256939
272.9196654
272.991297
273.0285904
273.0047324
272.9588879
272.9867336
272.9755111
273.0042029
273.0686385
272.9915107
272.9701824
273.0329695
273.0647041
273.0064472
273.0548208
273.0411501
273.0563809
273.0798366
272.9963693
273.0349055
273.0486251
273.0146361
272.9562266
273.0545837
273.0271133
272.9315769
272.9337402
273.0424233
272.9967875
273.0453352
272.9896095
273.023617
273.024586
273.0499052
273.0329849
272.9712941
272.9539545
273.0311317
273.0567215
272.9745681
272.9796329
272.9301856
272.9782499
272.9998465
273.0955799
272.982757
273.0054821
273.0632681
273.0411092
273.0227972
273.0156258
273.0878772
272.9844712
273.0422396
272.9499137
273.0100756
272.9766658
272.9829157
273.0359138
273.057028
273.0206246
272.9245014
272.9794952
273.0001161
272.9714234
272.9987269
272.9954985
273.0832246
272.9881309
272.9927197
272.9772366
273.01711
273.0956853
273.0204146
273.051318
273.0234559
273.0514118
273.0517512
273.0481294
273.0383083
272.9980716
273.0348359
272.9017619
272.9605254
272.9895671
272.9900483
273.0405575
272.9841657
273.0027789
272.925781
273.0386827
273.0343773
273.0909315
272.992517
273.0265568
272.9938952
273.0833439
272.9409217
272.993591
273.0769204
273.1280006
272.9932096
273.0993836
273.0056616
273.0493349
273.0116719
273.0112359
273.0341559
272.9949689
273.002271
273.050237
272.9593421
273.0795744
272.899211
272.9579548
272.9899478
273.0258988
272.9906664
273.0092698
273.0050034
273.0055241
273.0260731
273.0214052
272.9766815
273.0115313
273.0077328
273.0976075
273.0938944
272.9919697
273.0882115
272.9558393
273.0673818
273.1052528
273.1071587
273.0401212
273.0582008
272.9745476
273.0073857
273.0333404
273.028956
273.0291973
273.0215495
272.8867297
272.9884447
272.9247477
272.9659141
272.9618151
273.0247668
272.9941683
273.0422274
273.0219718
273.0498005
273.012727
272.9322765
273.0600726
272.9539808
273.0238116
273.0401096
273.0601255
273.0083932
273.070812
273.0371408
273.0422466
273.0071048
273.093039
273.1036898
273.014658
273.0578986
273.0605724
273.0528577
273.1085027
273.0194915
273.0017906
273.0683319
272.9468075
272.9863342
272.9418059
273.0243752
273.067831
273.0058363
273.0344917
273.0178652
273.036749
272.9870181
273.0001822
273.0129849
273.0468029
272.9739756
272.9634546
273.0470636
273.061268
272.9573084
273.116804
272.9828124
273.0712137
273.1324124
273.0340866
272.9923063
272.9638297
273.0391973
272.9981617
273.0169666
273.0001189
273.0193391
273.0389899
272.9911252
272.9759029
272.9934899
272.9855592
273.0342496
273.0400961
273.0163482
272.971656
272.9397916
272.9879245
272.8943365
273.0694221
273.0400929
272.8972599
273.0189304
273.1319658
273.0101466
273.1417718
273.0496912
272.9561476
273.0413407
273.0049874
273.0449042
273.0285742
273.0147711
273.0514727
272.9319038
273.0353941
272.9965695
272.9982175
273.0765728
272.9916755
272.8522201
273.0401081
273.0640958
273.0202897
273.0427546
273.0402722
273.0252029
272.9786951
273.0615107
272.8813668
272.965337
272.9961086
272.9972474
273.0099929
272.9413815
273.026782
273.0473233
272.9898752
272.9838565
273.0866903
273.0091138
273.0297741
273.0002529
273.0213783
273.0324059
272.972639
272.9901076
272.900437
272.9841804
273.1065927
272.966526
273.08319
273.0135487
272.9548313
273.0733733
272.9874601
272.9925691
273.1079582
273.0543027
273.0747151
272.9679788
273.1072829
273.0167937
273.1222519
273.0097884
273.0362741
272.9153787
273.0449641
273.0615143
273.0279429
273.0317313
273.0756224
273.017601
273.026238
273.0199629
272.9791179
273.0288245
273.0193407
273.0297212
273.0134492
273.0045437
273.0302831
272.9721112
272.9329567
273.0545933
272.9936047
273.0259127
273.0651884
272.9516195
272.9976715
273.0101837
272.9936623
273.0058022
272.9188831
272.9724644
272.9925391
273.0984516
273.0723492
273.0200929
272.9934167
273.0249913
273.1003084
272.9816472
273.0518368
272.9925278
273.0329795
272.960087
273.0091379
273.0848723
272.941804
273.0638874
273.151591
272.925159
272.9660255
272.9651743
273.0041673
273.0084124
273.1029425
273.0154155
273.0538965
273.0164044
273.0611617
272.9868617
273.001837
273.0185635
272.8791914
273.0492731
273.00357
273.0816888
273.0129046
273.0320149
273.0447662
273.036347
273.0269631
272.9816594
272.9815191
273.0376063
272.9664326
273.0359636
273.0133756
273.0502054
273.0344693
273.0359458
272.9925448
273.0709332
273.1473398
272.9989165
272.988563
273.0201144
272.9774378
273.0034266
272.975266
272.9438954
273.0127145
273.0556787
273.0637799
273.0081202
272.9302746
272.908433
273.0307069
272.9959887
273.0788197
273.0945384
273.1204587
273.0262919
273.0161903
272.9940239
273.0799502
272.9739547
273.0299649
273.0515169
272.9886591
272.9714377
272.9706901
272.95714
273.0937776
272.9841423
272.9834593
273.0262599
273.0590152
272.9372905
272.9695578
273.0340493
272.9718881
273.0253023
272.9472899
273.0379701
273.0203563
273.0494618
273.0567847
272.954585
273.070693
273.0102574
273.0160245
272.9194599
273.0047727
273.0398606
273.0035925
272.9932734
273.0627569
273.0220996
273.0912549
273.003405
272.9854704
272.9726711
272.9383678
273.0686193
272.9254935
272.9993351
273.0600456
273.0054644
273.0758116
273.0277597
272.9373591
272.9783983
273.0204926
272.9520425
272.9721063
272.9522139
273.0296341
272.9988091
273.0929912
273.093219
272.9940942
273.0233128
273.0075645
273.0726202
273.0606129
273.0333956
273.027093
273.0238942
273.0543957
272.9311443
272.9504604
272.938046
273.0388802
272.9965415
272.9982368
273.0468902
273.0676369
272.9548352
272.9639392
272.9315426
272.9667337
273.003439
272.9168853
272.9271648
272.9948072
273.0256901
273.0393722
273.0069379
273.0804902
273.0706065
273.0702235
272.9695337
273.1008747
272.9436298
273.1050939
272.9633148
272.9989931
273.0099442
272.9981157
273.0060867
273.0508013
273.0188031
273.0409967
272.9783195
273.023902
272.9499715
272.9315338
273.0433052
272.9831527
273.0043816
273.071058
272.9349368
273.1064907
273.0193635
273.0445681
272.9856926
273.0188496
273.0319257
273.0291796
272.9882148
273.0448972
273.0610958
273.0800564
273.0031778
273.0427039
272.9779682
273.0386795
272.9421579
272.9435998
272.9538677
272.9161882
273.0221302
273.0169898
273.0069352
272.9584863
273.0382083
273.0223929
273.0856489
272.9913924
273.0944451
273.0103543
273.0069326
273.0747529
273.1119914
272.9959384
273.0032782
273.000743
273.0208109
272.9789909
273.0206055
273.005582
)
;

boundaryField
{
    FLOW
    {
        type            calculated;
        value           nonuniform List<scalar> 
60
(
272.9972503
272.9736762
273.0813366
272.8314784
272.9291089
272.9625612
272.8810881
272.8131363
272.9603033
272.938289
272.8319793
272.8687402
272.9671159
273.0243647
273.0431774
273.0113416
272.9725886
273.0026843
273.1115943
273.1887262
273.1787682
273.1044327
272.9465095
273.1205203
272.809948
273.0704956
273.0326057
272.9669895
273.0116876
272.9234332
273.0188337
273.0692671
272.9638645
272.9978581
273.0236033
273.0014064
273.0288825
272.8785388
272.9498001
272.9108694
272.9609576
272.9796236
273.0047627
273.1283299
272.9415444
273.0198305
272.8503819
272.9478809
272.9168117
273.0142207
117.8115465
273.050018
273.0327774
272.8180342
272.9722027
272.9966136
273.0214841
273.0063774
272.968362
272.993367
)
;
    }
    WALL
    {
        type            calculated;
        value           nonuniform List<scalar> 
180
(
273.1119459
273.1066406
272.8079839
272.9513563
273.1435543
273.031801
273.0786664
272.9854756
272.9201473
273.004505
273.0176225
272.8445755
273.042615
273.2701908
272.9301107
272.8366063
272.8894777
273.0725762
273.0112664
273.0506963
272.8876475
273.0552718
272.8877038
272.9558177
273.0593343
272.9806069
273.028972
272.9959487
272.8966469
272.7730196
273.0668066
272.9680422
273.0235048
272.8443091
272.8991889
273.1054776
272.9373201
272.9714373
273.0352692
273.1247309
351.8693432
272.9730419
273.0489269
272.9735615
273.0017796
273.1009776
273.012085
273.1444336
272.8514423
272.9484715
273.0843137
273.0427392
272.8489457
272.9681141
273.067251
272.9838366
272.9100516
273.0371654
273.0526601
273.0768612
273.0238489
273.0465767
273.0613017
273.0311765
272.9514706
273.1902575
272.9702035
273.0937139
273.0641067
272.9594651
272.9862494
272.9950196
273.0077976
273.047197
273.0774141
272.9328119
273.0053992
272.9091979
272.9833936
272.9110484
272.7615153
273.0662427
272.9394955
272.9939873
272.8612616
272.8679671
272.9933544
273.1110612
24.37138454
272.9428925
273.0719973
273.2354682
117.8115465
272.9730971
272.8429714
272.9030717
273.0134446
273.1265263
272.9762817
273.0012388
273.0281912
273.1591213
273.0095266
273.08271
273.0931882
273.0943782
272.9509679
272.9442088
272.9501948
272.9060394
273.0664989
273.0143758
273.1817185
273.0291402
273.1077888
272.9843197
272.9981569
273.0110028
273.0946071
272.9560543
273.0485852
273.0309259
272.9554175
272.9508616
272.9582196
273.2162524
273.036851
272.9940943
273.0212913
273.000114
272.9581432
272.876193
273.0148597
273.0519718
273.1435254
272.9248894
272.9477125
273.1410885
273.0880824
272.9633877
117.8115466
273.1059458
273.1572351
273.0093959
272.9006469
272.9881343
273.1530928
273.0572105
273.1731696
273.0042966
273.1332394
272.9228465
272.935886
273.067069
273.1267651
272.9557892
273.0588998
273.009784
272.9953062
273.0667648
272.9775391
273.1238215
273.0034168
273.0956599
273.0042505
273.0504577
273.0339966
273.0786297
272.9277434
272.8437153
273.1052245
272.9613078
272.9182532
272.9903648
273.0980735
272.9721374
273.1086003
272.9912978
273.0087283
273.036687
)
;
    }
    frontAndBack
    {
        type            empty;
    }
}


// ************************************************************************* //
